Extraction of 10: 
[-9; 10; 19] 
[-8; 9; 10] 
[8; 10; 16] 
[-5; 10; -17] 
[7; 10; -15] 
[3; 9; 10] 
[-4; 10; -13] 
[-2; 8; 10] 
[-5; 10; 17] 
[-3; 10; -13] 
[-6; 10; 11] 
[10; 13; 15] 
[-7; 10; 11] 

New map: 
-20: [11; -12; -20] [7; -10; -20] 
-19: [-8; -17; -19] [-7; 17; -19] [-3; -12; -19] [-12; 13; -19] 
-18: [-7; 16; -18] [6; 14; -18] 
-17: [11; 16; -17] [-8; -17; -19] [9; -15; -17] [-1; -12; -17] [14; -15; -17] 
-16: [3; 14; -16] [-2; -4; -16] [-14; -16; 20] 
-15: [1; 8; -15] [-2; 3; -15] [9; -15; -17] [-1; -12; -15] [3; 4; -15] [8; -15; 19] [14; -15; -17] [8; -12; -15] 
-14: [7; -14; 17] [-11; -14; 16] [2; -14; 18] [-4; 7; -14] [-14; -16; 20] 
-13: [-10; -13; 16] [-13; 14; 17] [4; 9; -13] 
-12: [11; -12; -20] [-3; -8; -12] [-1; -12; -15] [5; 6; -12] [-10; -12; 18] [-3; -12; -19] [-1; -12; -17] [-12; 13; -19] [8; -12; -15] [7; 9; -12] 
-11: [2; 7; -11] [-11; -14; 16] [-1; -11; 17] [-2; 5; -11] [-5; -9; -11] [-11; 13; 14] 
-10: [-10; -13; 16] [-2; -10; 12] [7; -10; -20] [-10; -12; 18] [-9; -10; 15] 
-9: [8; -9; 11] [2; -9; 12] [-5; -9; -11] [-9; -10; 15] 
-8: [-8; -17; -19] [-3; -8; -12] [-3; 5; -8] [-8; 12; 16] [-8; 13; 20] [-5; -8; 14] 
-7: [-7; 16; -18] [-2; -3; -7] [3; -7; 8] [-3; 4; -7] [-7; 17; -19] [1; -7; 19] 
-6: [2; -6; 17] [-6; 11; 20] [-1; -3; -6] [-4; -5; -6] [-3; -6; 18] 
-5: [-5; 18; 19] [-4; -5; 9] [-4; -5; -6] [-5; -9; -11] [-5; -8; 14] 
-4: [-4; -5; 9] [-4; -5; -6] [-2; -4; -16] [-1; -4; 17] [-4; 7; -14] 
-3: [-3; -8; -12] [-3; 5; -8] [-1; -3; -6] [-2; -3; -7] [-3; 4; -7] [-3; 17; 18] [-3; -12; -19] [-3; -6; 18] 
-2: [-2; 5; -11] [-2; -10; 12] [-2; -3; -7] [-2; 3; -15] [-1; -2; 15] [-2; -4; -16] 
-1: [-1; 9; 17] [-1; -11; 17] [-1; -3; -6] [-1; -12; -15] [-1; -2; 15] [-1; -12; -17] [-1; -4; 17] 
1: [1; 8; -15] [1; 9; 18] [1; 7; 12] [1; -7; 19] 
2: [2; 12; 13] [2; 7; -11] [2; -6; 17] [2; -14; 18] [2; -9; 12] 
3: [3; 14; -16] [-2; 3; -15] [3; -7; 8] [3; 4; -15] [3; 6; 19] 
4: [3; 4; -15] [4; 9; -13] [-3; 4; -7] 
5: [-3; 5; -8] [-2; 5; -11] [5; 6; -12] [5; 17; 18] 
6: [5; 6; -12] [3; 6; 19] [6; 14; -18] 
7: [2; 7; -11] [1; 7; 12] [7; -14; 17] [7; -10; -20] [7; 9; -12] [-4; 7; -14] 
8: [1; 8; -15] [8; -9; 11] [3; -7; 8] [8; -15; 19] [8; 13; 16] [8; -12; -15] 
9: [-1; 9; 17] [1; 9; 18] [9; -15; -17] [9; 12; 16] [-4; -5; 9] [4; 9; -13] [7; 9; -12] 
11: [11; -12; -20] [11; 16; -17] [-6; 11; 20] [8; -9; 11] 
12: [2; 12; 13] [1; 7; 12] [-2; -10; 12] [9; 12; 16] [2; -9; 12] [-8; 12; 16] 
13: [2; 12; 13] [8; 13; 16] [-8; 13; 20] [-12; 13; -19] [-11; 13; 14] 
14: [3; 14; -16] [-13; 14; 17] [14; -15; -17] [-5; -8; 14] [6; 14; -18] [-11; 13; 14] 
15: [-1; -2; 15] [-9; -10; 15] 
16: [-10; -13; 16] [11; 16; -17] [-11; -14; 16] [-7; 16; -18] [9; 12; 16] [-8; 12; 16] [8; 13; 16] 
17: [-1; 9; 17] [-13; 14; 17] [7; -14; 17] [2; -6; 17] [-1; -11; 17] [-3; 17; 18] [5; 17; 18] [-7; 17; -19] [-1; -4; 17] 
18: [1; 9; 18] [-5; 18; 19] [2; -14; 18] [-3; 17; 18] [5; 17; 18] [-10; -12; 18] [-3; -6; 18] 
19: [-5; 18; 19] [8; -15; 19] [1; -7; 19] [3; 6; 19] 
20: [-6; 11; 20] [-8; 13; 20] [-14; -16; 20] 

Extraction of -10: 
[-10; -13; 16] 
[-2; -10; 12] 
[7; -10; -20] 
[-10; -12; 18] 
[-9; -10; 15] 

New map: 
-20: [11; -12; -20] 
-19: [-8; -17; -19] [-7; 17; -19] [-3; -12; -19] [-12; 13; -19] 
-18: [-7; 16; -18] [6; 14; -18] 
-17: [11; 16; -17] [-8; -17; -19] [-5; 10; -17] [9; -15; -17] [-1; -12; -17] [14; -15; -17] 
-16: [3; 14; -16] [-2; -4; -16] [-14; -16; 20] 
-15: [1; 8; -15] [7; 10; -15] [-2; 3; -15] [9; -15; -17] [-1; -12; -15] [3; 4; -15] [8; -15; 19] [14; -15; -17] [8; -12; -15] 
-14: [7; -14; 17] [-11; -14; 16] [2; -14; 18] [-4; 7; -14] [-14; -16; 20] 
-13: [-13; 14; 17] [-4; 10; -13] [4; 9; -13] [-3; 10; -13] 
-12: [11; -12; -20] [-3; -8; -12] [-1; -12; -15] [5; 6; -12] [-3; -12; -19] [-1; -12; -17] [-12; 13; -19] [8; -12; -15] [7; 9; -12] 
-11: [2; 7; -11] [-11; -14; 16] [-1; -11; 17] [-2; 5; -11] [-5; -9; -11] [-11; 13; 14] 
-9: [-9; 10; 19] [8; -9; 11] [2; -9; 12] [-5; -9; -11] 
-8: [-8; -17; -19] [-3; -8; -12] [-8; 9; 10] [-3; 5; -8] [-8; 12; 16] [-8; 13; 20] [-5; -8; 14] 
-7: [-7; 16; -18] [-2; -3; -7] [3; -7; 8] [-3; 4; -7] [-7; 17; -19] [1; -7; 19] [-7; 10; 11] 
-6: [2; -6; 17] [-6; 11; 20] [-1; -3; -6] [-4; -5; -6] [-3; -6; 18] [-6; 10; 11] 
-5: [-5; 18; 19] [-5; 10; -17] [-4; -5; 9] [-5; 10; 17] [-4; -5; -6] [-5; -9; -11] [-5; -8; 14] 
-4: [-4; -5; 9] [-4; 10; -13] [-4; -5; -6] [-2; -4; -16] [-1; -4; 17] [-4; 7; -14] 
-3: [-3; -8; -12] [-3; 5; -8] [-1; -3; -6] [-2; -3; -7] [-3; 4; -7] [-3; 17; 18] [-3; -12; -19] [-3; 10; -13] [-3; -6; 18] 
-2: [-2; 5; -11] [-2; -3; -7] [-2; 3; -15] [-1; -2; 15] [-2; 8; 10] [-2; -4; -16] 
-1: [-1; 9; 17] [-1; -11; 17] [-1; -3; -6] [-1; -12; -15] [-1; -2; 15] [-1; -12; -17] [-1; -4; 17] 
1: [1; 8; -15] [1; 9; 18] [1; 7; 12] [1; -7; 19] 
2: [2; 12; 13] [2; 7; -11] [2; -6; 17] [2; -14; 18] [2; -9; 12] 
3: [3; 14; -16] [-2; 3; -15] [3; 9; 10] [3; -7; 8] [3; 4; -15] [3; 6; 19] 
4: [3; 4; -15] [4; 9; -13] [-3; 4; -7] 
5: [-3; 5; -8] [-2; 5; -11] [5; 6; -12] [5; 17; 18] 
6: [5; 6; -12] [3; 6; 19] [6; 14; -18] 
7: [2; 7; -11] [1; 7; 12] [7; -14; 17] [7; 10; -15] [7; 9; -12] [-4; 7; -14] 
8: [1; 8; -15] [8; 10; 16] [8; -9; 11] [3; -7; 8] [8; -15; 19] [-2; 8; 10] [8; 13; 16] [8; -12; -15] 
9: [-1; 9; 17] [1; 9; 18] [-8; 9; 10] [3; 9; 10] [9; -15; -17] [9; 12; 16] [-4; -5; 9] [4; 9; -13] [7; 9; -12] 
10: [-9; 10; 19] [-8; 9; 10] [8; 10; 16] [-5; 10; -17] [7; 10; -15] [3; 9; 10] [-4; 10; -13] [-2; 8; 10] [-5; 10; 17] [-3; 10; -13] [-6; 10; 11] [10; 13; 15] [-7; 10; 11] 
11: [11; -12; -20] [11; 16; -17] [-6; 11; 20] [8; -9; 11] [-6; 10; 11] [-7; 10; 11] 
12: [2; 12; 13] [1; 7; 12] [9; 12; 16] [2; -9; 12] [-8; 12; 16] 
13: [2; 12; 13] [8; 13; 16] [-8; 13; 20] [-12; 13; -19] [-11; 13; 14] [10; 13; 15] 
14: [3; 14; -16] [-13; 14; 17] [14; -15; -17] [-5; -8; 14] [6; 14; -18] [-11; 13; 14] 
15: [-1; -2; 15] [10; 13; 15] 
16: [11; 16; -17] [8; 10; 16] [-11; -14; 16] [-7; 16; -18] [9; 12; 16] [-8; 12; 16] [8; 13; 16] 
17: [-1; 9; 17] [-13; 14; 17] [7; -14; 17] [2; -6; 17] [-1; -11; 17] [-5; 10; 17] [-3; 17; 18] [5; 17; 18] [-7; 17; -19] [-1; -4; 17] 
18: [1; 9; 18] [-5; 18; 19] [2; -14; 18] [-3; 17; 18] [5; 17; 18] [-3; -6; 18] 
19: [-9; 10; 19] [-5; 18; 19] [8; -15; 19] [1; -7; 19] [3; 6; 19] 
20: [-6; 11; 20] [-8; 13; 20] [-14; -16; 20] 

Restore: []
Stack: 
Gamble: 10
Assignment:
0     0     0     0     0     0     0     0     0     10    0     0     0     0     0     0     0     0     0     0     
-1    -1    -1    -1    -1    -1    -1    -1    -1    -1    -1    -1    -1    -1    -1    -1    -1    -1    -1    -1    
0     0     0     0     0     0     0     0     0     0     0     0     0     0     0     0     0     0     0     0     

List: (10, []) 
Extraction of 17: 
[-1; 9; 17] 
[-13; 14; 17] 
[7; -14; 17] 
[2; -6; 17] 
[-1; -11; 17] 
[-3; 17; 18] 
[5; 17; 18] 
[-7; 17; -19] 
[-1; -4; 17] 

New map: 
-20: [11; -12; -20] [7; -10; -20] 
-19: [-8; -17; -19] [-3; -12; -19] [-12; 13; -19] 
-18: [-7; 16; -18] [6; 14; -18] 
-17: [11; 16; -17] [-8; -17; -19] [9; -15; -17] [-1; -12; -17] [14; -15; -17] 
-16: [3; 14; -16] [-2; -4; -16] [-14; -16; 20] 
-15: [1; 8; -15] [-2; 3; -15] [9; -15; -17] [-1; -12; -15] [3; 4; -15] [8; -15; 19] [14; -15; -17] [8; -12; -15] 
-14: [-11; -14; 16] [2; -14; 18] [-4; 7; -14] [-14; -16; 20] 
-13: [-10; -13; 16] [4; 9; -13] 
-12: [11; -12; -20] [-3; -8; -12] [-1; -12; -15] [5; 6; -12] [-10; -12; 18] [-3; -12; -19] [-1; -12; -17] [-12; 13; -19] [8; -12; -15] [7; 9; -12] 
-11: [2; 7; -11] [-11; -14; 16] [-2; 5; -11] [-5; -9; -11] [-11; 13; 14] 
-10: [-10; -13; 16] [-2; -10; 12] [7; -10; -20] [-10; -12; 18] [-9; -10; 15] 
-9: [8; -9; 11] [2; -9; 12] [-5; -9; -11] [-9; -10; 15] 
-8: [-8; -17; -19] [-3; -8; -12] [-3; 5; -8] [-8; 12; 16] [-8; 13; 20] [-5; -8; 14] 
-7: [-7; 16; -18] [-2; -3; -7] [3; -7; 8] [-3; 4; -7] [1; -7; 19] 
-6: [-6; 11; 20] [-1; -3; -6] [-4; -5; -6] [-3; -6; 18] 
-5: [-5; 18; 19] [-4; -5; 9] [-4; -5; -6] [-5; -9; -11] [-5; -8; 14] 
-4: [-4; -5; 9] [-4; -5; -6] [-2; -4; -16] [-4; 7; -14] 
-3: [-3; -8; -12] [-3; 5; -8] [-1; -3; -6] [-2; -3; -7] [-3; 4; -7] [-3; -12; -19] [-3; -6; 18] 
-2: [-2; 5; -11] [-2; -10; 12] [-2; -3; -7] [-2; 3; -15] [-1; -2; 15] [-2; -4; -16] 
-1: [-1; -3; -6] [-1; -12; -15] [-1; -2; 15] [-1; -12; -17] 
1: [1; 8; -15] [1; 9; 18] [1; 7; 12] [1; -7; 19] 
2: [2; 12; 13] [2; 7; -11] [2; -14; 18] [2; -9; 12] 
3: [3; 14; -16] [-2; 3; -15] [3; -7; 8] [3; 4; -15] [3; 6; 19] 
4: [3; 4; -15] [4; 9; -13] [-3; 4; -7] 
5: [-3; 5; -8] [-2; 5; -11] [5; 6; -12] 
6: [5; 6; -12] [3; 6; 19] [6; 14; -18] 
7: [2; 7; -11] [1; 7; 12] [7; -10; -20] [7; 9; -12] [-4; 7; -14] 
8: [1; 8; -15] [8; -9; 11] [3; -7; 8] [8; -15; 19] [8; 13; 16] [8; -12; -15] 
9: [1; 9; 18] [9; -15; -17] [9; 12; 16] [-4; -5; 9] [4; 9; -13] [7; 9; -12] 
11: [11; -12; -20] [11; 16; -17] [-6; 11; 20] [8; -9; 11] 
12: [2; 12; 13] [1; 7; 12] [-2; -10; 12] [9; 12; 16] [2; -9; 12] [-8; 12; 16] 
13: [2; 12; 13] [8; 13; 16] [-8; 13; 20] [-12; 13; -19] [-11; 13; 14] 
14: [3; 14; -16] [14; -15; -17] [-5; -8; 14] [6; 14; -18] [-11; 13; 14] 
15: [-1; -2; 15] [-9; -10; 15] 
16: [-10; -13; 16] [11; 16; -17] [-11; -14; 16] [-7; 16; -18] [9; 12; 16] [-8; 12; 16] [8; 13; 16] 
18: [1; 9; 18] [-5; 18; 19] [2; -14; 18] [-10; -12; 18] [-3; -6; 18] 
19: [-5; 18; 19] [8; -15; 19] [1; -7; 19] [3; 6; 19] 
20: [-6; 11; 20] [-8; 13; 20] [-14; -16; 20] 

Extraction of -17: 
[11; 16; -17] 
[-8; -17; -19] 
[9; -15; -17] 
[-1; -12; -17] 
[14; -15; -17] 

New map: 
-20: [11; -12; -20] [7; -10; -20] 
-19: [-7; 17; -19] [-3; -12; -19] [-12; 13; -19] 
-18: [-7; 16; -18] [6; 14; -18] 
-16: [3; 14; -16] [-2; -4; -16] [-14; -16; 20] 
-15: [1; 8; -15] [-2; 3; -15] [-1; -12; -15] [3; 4; -15] [8; -15; 19] [8; -12; -15] 
-14: [7; -14; 17] [-11; -14; 16] [2; -14; 18] [-4; 7; -14] [-14; -16; 20] 
-13: [-10; -13; 16] [-13; 14; 17] [4; 9; -13] 
-12: [11; -12; -20] [-3; -8; -12] [-1; -12; -15] [5; 6; -12] [-10; -12; 18] [-3; -12; -19] [-12; 13; -19] [8; -12; -15] [7; 9; -12] 
-11: [2; 7; -11] [-11; -14; 16] [-1; -11; 17] [-2; 5; -11] [-5; -9; -11] [-11; 13; 14] 
-10: [-10; -13; 16] [-2; -10; 12] [7; -10; -20] [-10; -12; 18] [-9; -10; 15] 
-9: [8; -9; 11] [2; -9; 12] [-5; -9; -11] [-9; -10; 15] 
-8: [-3; -8; -12] [-3; 5; -8] [-8; 12; 16] [-8; 13; 20] [-5; -8; 14] 
-7: [-7; 16; -18] [-2; -3; -7] [3; -7; 8] [-3; 4; -7] [-7; 17; -19] [1; -7; 19] 
-6: [2; -6; 17] [-6; 11; 20] [-1; -3; -6] [-4; -5; -6] [-3; -6; 18] 
-5: [-5; 18; 19] [-4; -5; 9] [-4; -5; -6] [-5; -9; -11] [-5; -8; 14] 
-4: [-4; -5; 9] [-4; -5; -6] [-2; -4; -16] [-1; -4; 17] [-4; 7; -14] 
-3: [-3; -8; -12] [-3; 5; -8] [-1; -3; -6] [-2; -3; -7] [-3; 4; -7] [-3; 17; 18] [-3; -12; -19] [-3; -6; 18] 
-2: [-2; 5; -11] [-2; -10; 12] [-2; -3; -7] [-2; 3; -15] [-1; -2; 15] [-2; -4; -16] 
-1: [-1; 9; 17] [-1; -11; 17] [-1; -3; -6] [-1; -12; -15] [-1; -2; 15] [-1; -4; 17] 
1: [1; 8; -15] [1; 9; 18] [1; 7; 12] [1; -7; 19] 
2: [2; 12; 13] [2; 7; -11] [2; -6; 17] [2; -14; 18] [2; -9; 12] 
3: [3; 14; -16] [-2; 3; -15] [3; -7; 8] [3; 4; -15] [3; 6; 19] 
4: [3; 4; -15] [4; 9; -13] [-3; 4; -7] 
5: [-3; 5; -8] [-2; 5; -11] [5; 6; -12] [5; 17; 18] 
6: [5; 6; -12] [3; 6; 19] [6; 14; -18] 
7: [2; 7; -11] [1; 7; 12] [7; -14; 17] [7; -10; -20] [7; 9; -12] [-4; 7; -14] 
8: [1; 8; -15] [8; -9; 11] [3; -7; 8] [8; -15; 19] [8; 13; 16] [8; -12; -15] 
9: [-1; 9; 17] [1; 9; 18] [9; 12; 16] [-4; -5; 9] [4; 9; -13] [7; 9; -12] 
11: [11; -12; -20] [-6; 11; 20] [8; -9; 11] 
12: [2; 12; 13] [1; 7; 12] [-2; -10; 12] [9; 12; 16] [2; -9; 12] [-8; 12; 16] 
13: [2; 12; 13] [8; 13; 16] [-8; 13; 20] [-12; 13; -19] [-11; 13; 14] 
14: [3; 14; -16] [-13; 14; 17] [-5; -8; 14] [6; 14; -18] [-11; 13; 14] 
15: [-1; -2; 15] [-9; -10; 15] 
16: [-10; -13; 16] [-11; -14; 16] [-7; 16; -18] [9; 12; 16] [-8; 12; 16] [8; 13; 16] 
17: [-1; 9; 17] [-13; 14; 17] [7; -14; 17] [2; -6; 17] [-1; -11; 17] [-3; 17; 18] [5; 17; 18] [-7; 17; -19] [-1; -4; 17] 
18: [1; 9; 18] [-5; 18; 19] [2; -14; 18] [-3; 17; 18] [5; 17; 18] [-10; -12; 18] [-3; -6; 18] 
19: [-5; 18; 19] [8; -15; 19] [1; -7; 19] [3; 6; 19] 
20: [-6; 11; 20] [-8; 13; 20] [-14; -16; 20] 

Restore: [10]
Stack: [10]
Gamble: 17
Assignment:
0     0     0     0     0     0     0     0     0     10    0     0     0     0     0     0     17    0     0     0     
-1    -1    -1    -1    -1    -1    -1    -1    -1    -1    -1    -1    -1    -1    -1    -1    -1    -1    -1    -1    
0     0     0     0     0     0     0     0     0     0     0     0     0     0     0     0     1     0     0     0     

List: (17, []) 
Extraction of 12: 
[2; 12; 13] 
[1; 7; 12] 
[-2; -10; 12] 
[9; 12; 16] 
[2; -9; 12] 
[-8; 12; 16] 

New map: 
-20: [11; -12; -20] [7; -10; -20] 
-19: [-8; -17; -19] [-3; -12; -19] [-12; 13; -19] 
-18: [-7; 16; -18] [6; 14; -18] 
-17: [11; 16; -17] [-8; -17; -19] [9; -15; -17] [-1; -12; -17] [14; -15; -17] 
-16: [3; 14; -16] [-2; -4; -16] [-14; -16; 20] 
-15: [1; 8; -15] [-2; 3; -15] [9; -15; -17] [-1; -12; -15] [3; 4; -15] [8; -15; 19] [14; -15; -17] [8; -12; -15] 
-14: [-11; -14; 16] [2; -14; 18] [-4; 7; -14] [-14; -16; 20] 
-13: [-10; -13; 16] [4; 9; -13] 
-12: [11; -12; -20] [-3; -8; -12] [-1; -12; -15] [5; 6; -12] [-10; -12; 18] [-3; -12; -19] [-1; -12; -17] [-12; 13; -19] [8; -12; -15] [7; 9; -12] 
-11: [2; 7; -11] [-11; -14; 16] [-2; 5; -11] [-5; -9; -11] [-11; 13; 14] 
-10: [-10; -13; 16] [7; -10; -20] [-10; -12; 18] [-9; -10; 15] 
-9: [8; -9; 11] [-5; -9; -11] [-9; -10; 15] 
-8: [-8; -17; -19] [-3; -8; -12] [-3; 5; -8] [-8; 13; 20] [-5; -8; 14] 
-7: [-7; 16; -18] [-2; -3; -7] [3; -7; 8] [-3; 4; -7] [1; -7; 19] 
-6: [-6; 11; 20] [-1; -3; -6] [-4; -5; -6] [-3; -6; 18] 
-5: [-5; 18; 19] [-4; -5; 9] [-4; -5; -6] [-5; -9; -11] [-5; -8; 14] 
-4: [-4; -5; 9] [-4; -5; -6] [-2; -4; -16] [-4; 7; -14] 
-3: [-3; -8; -12] [-3; 5; -8] [-1; -3; -6] [-2; -3; -7] [-3; 4; -7] [-3; -12; -19] [-3; -6; 18] 
-2: [-2; 5; -11] [-2; -3; -7] [-2; 3; -15] [-1; -2; 15] [-2; -4; -16] 
-1: [-1; -3; -6] [-1; -12; -15] [-1; -2; 15] [-1; -12; -17] 
1: [1; 8; -15] [1; 9; 18] [1; -7; 19] 
2: [2; 7; -11] [2; -14; 18] 
3: [3; 14; -16] [-2; 3; -15] [3; -7; 8] [3; 4; -15] [3; 6; 19] 
4: [3; 4; -15] [4; 9; -13] [-3; 4; -7] 
5: [-3; 5; -8] [-2; 5; -11] [5; 6; -12] 
6: [5; 6; -12] [3; 6; 19] [6; 14; -18] 
7: [2; 7; -11] [7; -10; -20] [7; 9; -12] [-4; 7; -14] 
8: [1; 8; -15] [8; -9; 11] [3; -7; 8] [8; -15; 19] [8; 13; 16] [8; -12; -15] 
9: [1; 9; 18] [9; -15; -17] [-4; -5; 9] [4; 9; -13] [7; 9; -12] 
11: [11; -12; -20] [11; 16; -17] [-6; 11; 20] [8; -9; 11] 
13: [8; 13; 16] [-8; 13; 20] [-12; 13; -19] [-11; 13; 14] 
14: [3; 14; -16] [14; -15; -17] [-5; -8; 14] [6; 14; -18] [-11; 13; 14] 
15: [-1; -2; 15] [-9; -10; 15] 
16: [-10; -13; 16] [11; 16; -17] [-11; -14; 16] [-7; 16; -18] [8; 13; 16] 
18: [1; 9; 18] [-5; 18; 19] [2; -14; 18] [-10; -12; 18] [-3; -6; 18] 
19: [-5; 18; 19] [8; -15; 19] [1; -7; 19] [3; 6; 19] 
20: [-6; 11; 20] [-8; 13; 20] [-14; -16; 20] 

Extraction of -12: 
[11; -12; -20] 
[-3; -8; -12] 
[-1; -12; -15] 
[5; 6; -12] 
[-10; -12; 18] 
[-3; -12; -19] 
[-1; -12; -17] 
[-12; 13; -19] 
[8; -12; -15] 
[7; 9; -12] 

New map: 
-20: [7; -10; -20] 
-19: [-8; -17; -19] 
-18: [-7; 16; -18] [6; 14; -18] 
-17: [11; 16; -17] [-8; -17; -19] [9; -15; -17] [14; -15; -17] 
-16: [3; 14; -16] [-2; -4; -16] [-14; -16; 20] 
-15: [1; 8; -15] [-2; 3; -15] [9; -15; -17] [3; 4; -15] [8; -15; 19] [14; -15; -17] 
-14: [-11; -14; 16] [2; -14; 18] [-4; 7; -14] [-14; -16; 20] 
-13: [-10; -13; 16] [4; 9; -13] 
-11: [2; 7; -11] [-11; -14; 16] [-2; 5; -11] [-5; -9; -11] [-11; 13; 14] 
-10: [-10; -13; 16] [-2; -10; 12] [7; -10; -20] [-9; -10; 15] 
-9: [8; -9; 11] [2; -9; 12] [-5; -9; -11] [-9; -10; 15] 
-8: [-8; -17; -19] [-3; 5; -8] [-8; 12; 16] [-8; 13; 20] [-5; -8; 14] 
-7: [-7; 16; -18] [-2; -3; -7] [3; -7; 8] [-3; 4; -7] [1; -7; 19] 
-6: [-6; 11; 20] [-1; -3; -6] [-4; -5; -6] [-3; -6; 18] 
-5: [-5; 18; 19] [-4; -5; 9] [-4; -5; -6] [-5; -9; -11] [-5; -8; 14] 
-4: [-4; -5; 9] [-4; -5; -6] [-2; -4; -16] [-4; 7; -14] 
-3: [-3; 5; -8] [-1; -3; -6] [-2; -3; -7] [-3; 4; -7] [-3; -6; 18] 
-2: [-2; 5; -11] [-2; -10; 12] [-2; -3; -7] [-2; 3; -15] [-1; -2; 15] [-2; -4; -16] 
-1: [-1; -3; -6] [-1; -2; 15] 
1: [1; 8; -15] [1; 9; 18] [1; 7; 12] [1; -7; 19] 
2: [2; 12; 13] [2; 7; -11] [2; -14; 18] [2; -9; 12] 
3: [3; 14; -16] [-2; 3; -15] [3; -7; 8] [3; 4; -15] [3; 6; 19] 
4: [3; 4; -15] [4; 9; -13] [-3; 4; -7] 
5: [-3; 5; -8] [-2; 5; -11] 
6: [3; 6; 19] [6; 14; -18] 
7: [2; 7; -11] [1; 7; 12] [7; -10; -20] [-4; 7; -14] 
8: [1; 8; -15] [8; -9; 11] [3; -7; 8] [8; -15; 19] [8; 13; 16] 
9: [1; 9; 18] [9; -15; -17] [9; 12; 16] [-4; -5; 9] [4; 9; -13] 
11: [11; 16; -17] [-6; 11; 20] [8; -9; 11] 
12: [2; 12; 13] [1; 7; 12] [-2; -10; 12] [9; 12; 16] [2; -9; 12] [-8; 12; 16] 
13: [2; 12; 13] [8; 13; 16] [-8; 13; 20] [-11; 13; 14] 
14: [3; 14; -16] [14; -15; -17] [-5; -8; 14] [6; 14; -18] [-11; 13; 14] 
15: [-1; -2; 15] [-9; -10; 15] 
16: [-10; -13; 16] [11; 16; -17] [-11; -14; 16] [-7; 16; -18] [9; 12; 16] [-8; 12; 16] [8; 13; 16] 
18: [1; 9; 18] [-5; 18; 19] [2; -14; 18] [-3; -6; 18] 
19: [-5; 18; 19] [8; -15; 19] [1; -7; 19] [3; 6; 19] 
20: [-6; 11; 20] [-8; 13; 20] [-14; -16; 20] 

Restore: [10][17]
Stack: [10][17]
Gamble: 12
Assignment:
0     0     0     0     0     0     0     0     0     10    0     12    0     0     0     0     17    0     0     0     
-1    -1    -1    -1    -1    -1    -1    -1    -1    -1    -1    -1    -1    -1    -1    -1    -1    -1    -1    -1    
0     0     0     0     0     0     0     0     0     0     0     2     0     0     0     0     1     0     0     0     

Select: -1, because of [-1; -12; -17]
Select: 18, because of [-10; -12; 18]
List: (12, []) 
Choice: -1
Assignment:
-1    0     0     0     0     0     0     0     0     10    0     12    0     0     0     0     17    0     0     0     
59    -1    -1    -1    -1    -1    -1    -1    -1    -1    -1    -1    -1    -1    -1    -1    -1    -1    -1    -1    
2     0     0     0     0     0     0     0     0     0     0     2     0     0     0     0     1     0     0     0     

Extraction of -1: 
[-1; -3; -6] 
[-1; -12; -15] 
[-1; -2; 15] 
[-1; -12; -17] 

New map: 
-20: [11; -12; -20] [7; -10; -20] 
-19: [-8; -17; -19] [-3; -12; -19] [-12; 13; -19] 
-18: [-7; 16; -18] [6; 14; -18] 
-17: [11; 16; -17] [-8; -17; -19] [9; -15; -17] [14; -15; -17] 
-16: [3; 14; -16] [-2; -4; -16] [-14; -16; 20] 
-15: [1; 8; -15] [-2; 3; -15] [9; -15; -17] [3; 4; -15] [8; -15; 19] [14; -15; -17] [8; -12; -15] 
-14: [-11; -14; 16] [2; -14; 18] [-4; 7; -14] [-14; -16; 20] 
-13: [-10; -13; 16] [4; 9; -13] 
-12: [11; -12; -20] [-3; -8; -12] [5; 6; -12] [-10; -12; 18] [-3; -12; -19] [-12; 13; -19] [8; -12; -15] [7; 9; -12] 
-11: [2; 7; -11] [-11; -14; 16] [-2; 5; -11] [-5; -9; -11] [-11; 13; 14] 
-10: [-10; -13; 16] [7; -10; -20] [-10; -12; 18] [-9; -10; 15] 
-9: [8; -9; 11] [-5; -9; -11] [-9; -10; 15] 
-8: [-8; -17; -19] [-3; -8; -12] [-3; 5; -8] [-8; 13; 20] [-5; -8; 14] 
-7: [-7; 16; -18] [-2; -3; -7] [3; -7; 8] [-3; 4; -7] [1; -7; 19] 
-6: [-6; 11; 20] [-4; -5; -6] [-3; -6; 18] 
-5: [-5; 18; 19] [-4; -5; 9] [-4; -5; -6] [-5; -9; -11] [-5; -8; 14] 
-4: [-4; -5; 9] [-4; -5; -6] [-2; -4; -16] [-4; 7; -14] 
-3: [-3; -8; -12] [-3; 5; -8] [-2; -3; -7] [-3; 4; -7] [-3; -12; -19] [-3; -6; 18] 
-2: [-2; 5; -11] [-2; -3; -7] [-2; 3; -15] [-2; -4; -16] 
1: [1; 8; -15] [1; 9; 18] [1; -7; 19] 
2: [2; 7; -11] [2; -14; 18] 
3: [3; 14; -16] [-2; 3; -15] [3; -7; 8] [3; 4; -15] [3; 6; 19] 
4: [3; 4; -15] [4; 9; -13] [-3; 4; -7] 
5: [-3; 5; -8] [-2; 5; -11] [5; 6; -12] 
6: [5; 6; -12] [3; 6; 19] [6; 14; -18] 
7: [2; 7; -11] [7; -10; -20] [7; 9; -12] [-4; 7; -14] 
8: [1; 8; -15] [8; -9; 11] [3; -7; 8] [8; -15; 19] [8; 13; 16] [8; -12; -15] 
9: [1; 9; 18] [9; -15; -17] [-4; -5; 9] [4; 9; -13] [7; 9; -12] 
11: [11; -12; -20] [11; 16; -17] [-6; 11; 20] [8; -9; 11] 
13: [8; 13; 16] [-8; 13; 20] [-12; 13; -19] [-11; 13; 14] 
14: [3; 14; -16] [14; -15; -17] [-5; -8; 14] [6; 14; -18] [-11; 13; 14] 
15: [-9; -10; 15] 
16: [-10; -13; 16] [11; 16; -17] [-11; -14; 16] [-7; 16; -18] [8; 13; 16] 
18: [1; 9; 18] [-5; 18; 19] [2; -14; 18] [-10; -12; 18] [-3; -6; 18] 
19: [-5; 18; 19] [8; -15; 19] [1; -7; 19] [3; 6; 19] 
20: [-6; 11; 20] [-8; 13; 20] [-14; -16; 20] 

List: (-1, [-1; -12; -17]) (12, [])
Choice: 18
Assignment:
-1    0     0     0     0     0     0     0     0     10    0     12    0     0     0     0     17    18    0     0     
59    -1    -1    -1    -1    -1    -1    -1    -1    -1    -1    -1    -1    -1    -1    -1    -1    57    -1    -1    
2     0     0     0     0     0     0     0     0     0     0     2     0     0     0     0     1     2     0     0     

Extraction of 18: 
[1; 9; 18] 
[-5; 18; 19] 
[2; -14; 18] 
[-10; -12; 18] 
[-3; -6; 18] 

New map: 
-20: [11; -12; -20] [7; -10; -20] 
-19: [-8; -17; -19] [-3; -12; -19] [-12; 13; -19] 
-18: [-7; 16; -18] [6; 14; -18] 
-17: [11; 16; -17] [-8; -17; -19] [9; -15; -17] [14; -15; -17] 
-16: [3; 14; -16] [-2; -4; -16] [-14; -16; 20] 
-15: [1; 8; -15] [-2; 3; -15] [9; -15; -17] [3; 4; -15] [8; -15; 19] [14; -15; -17] [8; -12; -15] 
-14: [-11; -14; 16] [-4; 7; -14] [-14; -16; 20] 
-13: [-10; -13; 16] [4; 9; -13] 
-12: [11; -12; -20] [-3; -8; -12] [5; 6; -12] [-3; -12; -19] [-12; 13; -19] [8; -12; -15] [7; 9; -12] 
-11: [2; 7; -11] [-11; -14; 16] [-2; 5; -11] [-5; -9; -11] [-11; 13; 14] 
-10: [-10; -13; 16] [7; -10; -20] [-9; -10; 15] 
-9: [8; -9; 11] [-5; -9; -11] [-9; -10; 15] 
-8: [-8; -17; -19] [-3; -8; -12] [-3; 5; -8] [-8; 13; 20] [-5; -8; 14] 
-7: [-7; 16; -18] [-2; -3; -7] [3; -7; 8] [-3; 4; -7] [1; -7; 19] 
-6: [-6; 11; 20] [-4; -5; -6] 
-5: [-4; -5; 9] [-4; -5; -6] [-5; -9; -11] [-5; -8; 14] 
-4: [-4; -5; 9] [-4; -5; -6] [-2; -4; -16] [-4; 7; -14] 
-3: [-3; -8; -12] [-3; 5; -8] [-2; -3; -7] [-3; 4; -7] [-3; -12; -19] 
-2: [-2; 5; -11] [-2; -3; -7] [-2; 3; -15] [-2; -4; -16] 
1: [1; 8; -15] [1; -7; 19] 
2: [2; 7; -11] 
3: [3; 14; -16] [-2; 3; -15] [3; -7; 8] [3; 4; -15] [3; 6; 19] 
4: [3; 4; -15] [4; 9; -13] [-3; 4; -7] 
5: [-3; 5; -8] [-2; 5; -11] [5; 6; -12] 
6: [5; 6; -12] [3; 6; 19] [6; 14; -18] 
7: [2; 7; -11] [7; -10; -20] [7; 9; -12] [-4; 7; -14] 
8: [1; 8; -15] [8; -9; 11] [3; -7; 8] [8; -15; 19] [8; 13; 16] [8; -12; -15] 
9: [9; -15; -17] [-4; -5; 9] [4; 9; -13] [7; 9; -12] 
11: [11; -12; -20] [11; 16; -17] [-6; 11; 20] [8; -9; 11] 
13: [8; 13; 16] [-8; 13; 20] [-12; 13; -19] [-11; 13; 14] 
14: [3; 14; -16] [14; -15; -17] [-5; -8; 14] [6; 14; -18] [-11; 13; 14] 
15: [-9; -10; 15] 
16: [-10; -13; 16] [11; 16; -17] [-11; -14; 16] [-7; 16; -18] [8; 13; 16] 
19: [8; -15; 19] [1; -7; 19] [3; 6; 19] 
20: [-6; 11; 20] [-8; 13; 20] [-14; -16; 20] 

List: (18, [-10; -12; 18]) (-1, [-1; -12; -17])(12, [])
Extraction of 3: 
[3; 14; -16] 
[-2; 3; -15] 
[3; -7; 8] 
[3; 4; -15] 
[3; 6; 19] 

New map: 
-20: [11; -12; -20] [7; -10; -20] 
-19: [-8; -17; -19] [-3; -12; -19] [-12; 13; -19] 
-18: [-7; 16; -18] [6; 14; -18] 
-17: [11; 16; -17] [-8; -17; -19] [9; -15; -17] [14; -15; -17] 
-16: [-2; -4; -16] [-14; -16; 20] 
-15: [1; 8; -15] [9; -15; -17] [8; -15; 19] [14; -15; -17] [8; -12; -15] 
-14: [-11; -14; 16] [-4; 7; -14] [-14; -16; 20] 
-13: [-10; -13; 16] [4; 9; -13] 
-12: [11; -12; -20] [-3; -8; -12] [5; 6; -12] [-3; -12; -19] [-12; 13; -19] [8; -12; -15] [7; 9; -12] 
-11: [2; 7; -11] [-11; -14; 16] [-2; 5; -11] [-5; -9; -11] [-11; 13; 14] 
-10: [-10; -13; 16] [7; -10; -20] [-9; -10; 15] 
-9: [8; -9; 11] [-5; -9; -11] [-9; -10; 15] 
-8: [-8; -17; -19] [-3; -8; -12] [-3; 5; -8] [-8; 13; 20] [-5; -8; 14] 
-7: [-7; 16; -18] [-2; -3; -7] [-3; 4; -7] [1; -7; 19] 
-6: [-6; 11; 20] [-4; -5; -6] 
-5: [-4; -5; 9] [-4; -5; -6] [-5; -9; -11] [-5; -8; 14] 
-4: [-4; -5; 9] [-4; -5; -6] [-2; -4; -16] [-4; 7; -14] 
-3: [-3; -8; -12] [-3; 5; -8] [-2; -3; -7] [-3; 4; -7] [-3; -12; -19] 
-2: [-2; 5; -11] [-2; -3; -7] [-2; -4; -16] 
1: [1; 8; -15] [1; -7; 19] 
2: [2; 7; -11] 
4: [4; 9; -13] [-3; 4; -7] 
5: [-3; 5; -8] [-2; 5; -11] [5; 6; -12] 
6: [5; 6; -12] [6; 14; -18] 
7: [2; 7; -11] [7; -10; -20] [7; 9; -12] [-4; 7; -14] 
8: [1; 8; -15] [8; -9; 11] [8; -15; 19] [8; 13; 16] [8; -12; -15] 
9: [9; -15; -17] [-4; -5; 9] [4; 9; -13] [7; 9; -12] 
11: [11; -12; -20] [11; 16; -17] [-6; 11; 20] [8; -9; 11] 
13: [8; 13; 16] [-8; 13; 20] [-12; 13; -19] [-11; 13; 14] 
14: [14; -15; -17] [-5; -8; 14] [6; 14; -18] [-11; 13; 14] 
15: [-9; -10; 15] 
16: [-10; -13; 16] [11; 16; -17] [-11; -14; 16] [-7; 16; -18] [8; 13; 16] 
19: [8; -15; 19] [1; -7; 19] 
20: [-6; 11; 20] [-8; 13; 20] [-14; -16; 20] 

Extraction of -3: 
[-3; -8; -12] 
[-3; 5; -8] 
[-2; -3; -7] 
[-3; 4; -7] 
[-3; -12; -19] 

New map: 
-20: [11; -12; -20] [7; -10; -20] 
-19: [-8; -17; -19] [-12; 13; -19] 
-18: [-7; 16; -18] [6; 14; -18] 
-17: [11; 16; -17] [-8; -17; -19] [9; -15; -17] [14; -15; -17] 
-16: [3; 14; -16] [-2; -4; -16] [-14; -16; 20] 
-15: [1; 8; -15] [-2; 3; -15] [9; -15; -17] [3; 4; -15] [8; -15; 19] [14; -15; -17] [8; -12; -15] 
-14: [-11; -14; 16] [-4; 7; -14] [-14; -16; 20] 
-13: [-10; -13; 16] [4; 9; -13] 
-12: [11; -12; -20] [5; 6; -12] [-12; 13; -19] [8; -12; -15] [7; 9; -12] 
-11: [2; 7; -11] [-11; -14; 16] [-2; 5; -11] [-5; -9; -11] [-11; 13; 14] 
-10: [-10; -13; 16] [7; -10; -20] [-9; -10; 15] 
-9: [8; -9; 11] [-5; -9; -11] [-9; -10; 15] 
-8: [-8; -17; -19] [-8; 13; 20] [-5; -8; 14] 
-7: [-7; 16; -18] [3; -7; 8] [1; -7; 19] 
-6: [-6; 11; 20] [-4; -5; -6] 
-5: [-4; -5; 9] [-4; -5; -6] [-5; -9; -11] [-5; -8; 14] 
-4: [-4; -5; 9] [-4; -5; -6] [-2; -4; -16] [-4; 7; -14] 
-2: [-2; 5; -11] [-2; 3; -15] [-2; -4; -16] 
1: [1; 8; -15] [1; -7; 19] 
2: [2; 7; -11] 
3: [3; 14; -16] [-2; 3; -15] [3; -7; 8] [3; 4; -15] [3; 6; 19] 
4: [3; 4; -15] [4; 9; -13] 
5: [-2; 5; -11] [5; 6; -12] 
6: [5; 6; -12] [3; 6; 19] [6; 14; -18] 
7: [2; 7; -11] [7; -10; -20] [7; 9; -12] [-4; 7; -14] 
8: [1; 8; -15] [8; -9; 11] [3; -7; 8] [8; -15; 19] [8; 13; 16] [8; -12; -15] 
9: [9; -15; -17] [-4; -5; 9] [4; 9; -13] [7; 9; -12] 
11: [11; -12; -20] [11; 16; -17] [-6; 11; 20] [8; -9; 11] 
13: [8; 13; 16] [-8; 13; 20] [-12; 13; -19] [-11; 13; 14] 
14: [3; 14; -16] [14; -15; -17] [-5; -8; 14] [6; 14; -18] [-11; 13; 14] 
15: [-9; -10; 15] 
16: [-10; -13; 16] [11; 16; -17] [-11; -14; 16] [-7; 16; -18] [8; 13; 16] 
19: [8; -15; 19] [1; -7; 19] [3; 6; 19] 
20: [-6; 11; 20] [-8; 13; 20] [-14; -16; 20] 

Restore: [10][17][18; -1; 12]
Stack: [10][17][18; -1; 12]
Gamble: 3
Assignment:
-1    0     3     0     0     0     0     0     0     10    0     12    0     0     0     0     17    18    0     0     
59    -1    -1    -1    -1    -1    -1    -1    -1    -1    -1    -1    -1    -1    -1    -1    -1    57    -1    -1    
2     0     3     0     0     0     0     0     0     0     0     2     0     0     0     0     1     2     0     0     

Select: -19, because of [-3; -12; -19]
Select: -8, because of [-3; -8; -12]
List: (3, []) 
Choice: -19
Assignment:
-1    0     3     0     0     0     0     0     0     10    0     12    0     0     0     0     17    18    -19   0     
59    -1    -1    -1    -1    -1    -1    -1    -1    -1    -1    -1    -1    -1    -1    -1    -1    57    58    -1    
2     0     3     0     0     0     0     0     0     0     0     2     0     0     0     0     1     2     3     0     

Extraction of -19: 
[-8; -17; -19] 
[-3; -12; -19] 
[-12; 13; -19] 

New map: 
-20: [11; -12; -20] [7; -10; -20] 
-18: [-7; 16; -18] [6; 14; -18] 
-17: [11; 16; -17] [9; -15; -17] [14; -15; -17] 
-16: [-2; -4; -16] [-14; -16; 20] 
-15: [1; 8; -15] [9; -15; -17] [8; -15; 19] [14; -15; -17] [8; -12; -15] 
-14: [-11; -14; 16] [-4; 7; -14] [-14; -16; 20] 
-13: [-10; -13; 16] [4; 9; -13] 
-12: [11; -12; -20] [-3; -8; -12] [5; 6; -12] [8; -12; -15] [7; 9; -12] 
-11: [2; 7; -11] [-11; -14; 16] [-2; 5; -11] [-5; -9; -11] [-11; 13; 14] 
-10: [-10; -13; 16] [7; -10; -20] [-9; -10; 15] 
-9: [8; -9; 11] [-5; -9; -11] [-9; -10; 15] 
-8: [-3; -8; -12] [-3; 5; -8] [-8; 13; 20] [-5; -8; 14] 
-7: [-7; 16; -18] [-2; -3; -7] [-3; 4; -7] [1; -7; 19] 
-6: [-6; 11; 20] [-4; -5; -6] 
-5: [-4; -5; 9] [-4; -5; -6] [-5; -9; -11] [-5; -8; 14] 
-4: [-4; -5; 9] [-4; -5; -6] [-2; -4; -16] [-4; 7; -14] 
-3: [-3; -8; -12] [-3; 5; -8] [-2; -3; -7] [-3; 4; -7] 
-2: [-2; 5; -11] [-2; -3; -7] [-2; -4; -16] 
1: [1; 8; -15] [1; -7; 19] 
2: [2; 7; -11] 
4: [4; 9; -13] [-3; 4; -7] 
5: [-3; 5; -8] [-2; 5; -11] [5; 6; -12] 
6: [5; 6; -12] [6; 14; -18] 
7: [2; 7; -11] [7; -10; -20] [7; 9; -12] [-4; 7; -14] 
8: [1; 8; -15] [8; -9; 11] [8; -15; 19] [8; 13; 16] [8; -12; -15] 
9: [9; -15; -17] [-4; -5; 9] [4; 9; -13] [7; 9; -12] 
11: [11; -12; -20] [11; 16; -17] [-6; 11; 20] [8; -9; 11] 
13: [8; 13; 16] [-8; 13; 20] [-11; 13; 14] 
14: [14; -15; -17] [-5; -8; 14] [6; 14; -18] [-11; 13; 14] 
15: [-9; -10; 15] 
16: [-10; -13; 16] [11; 16; -17] [-11; -14; 16] [-7; 16; -18] [8; 13; 16] 
19: [8; -15; 19] [1; -7; 19] 
20: [-6; 11; 20] [-8; 13; 20] [-14; -16; 20] 

Select: -7, because of [1; -7; 19]
List: (-19, [-3; -12; -19]) (3, [])
Choice: -8
Assignment:
-1    0     3     0     0     0     0     -8    0     10    0     12    0     0     0     0     17    18    -19   0     
59    -1    -1    -1    -1    -1    -1    9     -1    -1    -1    -1    -1    -1    -1    -1    -1    57    58    -1    
2     0     3     0     0     0     0     3     0     0     0     2     0     0     0     0     1     2     3     0     

Extraction of -8: 
[-3; -8; -12] 
[-3; 5; -8] 
[-8; 13; 20] 
[-5; -8; 14] 

New map: 
-20: [11; -12; -20] [7; -10; -20] 
-18: [-7; 16; -18] [6; 14; -18] 
-17: [11; 16; -17] [9; -15; -17] [14; -15; -17] 
-16: [-2; -4; -16] [-14; -16; 20] 
-15: [1; 8; -15] [9; -15; -17] [8; -15; 19] [14; -15; -17] [8; -12; -15] 
-14: [-11; -14; 16] [-4; 7; -14] [-14; -16; 20] 
-13: [-10; -13; 16] [4; 9; -13] 
-12: [11; -12; -20] [5; 6; -12] [8; -12; -15] [7; 9; -12] 
-11: [2; 7; -11] [-11; -14; 16] [-2; 5; -11] [-5; -9; -11] [-11; 13; 14] 
-10: [-10; -13; 16] [7; -10; -20] [-9; -10; 15] 
-9: [8; -9; 11] [-5; -9; -11] [-9; -10; 15] 
-7: [-7; 16; -18] [-2; -3; -7] [-3; 4; -7] [1; -7; 19] 
-6: [-6; 11; 20] [-4; -5; -6] 
-5: [-4; -5; 9] [-4; -5; -6] [-5; -9; -11] 
-4: [-4; -5; 9] [-4; -5; -6] [-2; -4; -16] [-4; 7; -14] 
-3: [-2; -3; -7] [-3; 4; -7] 
-2: [-2; 5; -11] [-2; -3; -7] [-2; -4; -16] 
1: [1; 8; -15] [1; -7; 19] 
2: [2; 7; -11] 
4: [4; 9; -13] [-3; 4; -7] 
5: [-2; 5; -11] [5; 6; -12] 
6: [5; 6; -12] [6; 14; -18] 
7: [2; 7; -11] [7; -10; -20] [7; 9; -12] [-4; 7; -14] 
8: [1; 8; -15] [8; -9; 11] [8; -15; 19] [8; 13; 16] [8; -12; -15] 
9: [9; -15; -17] [-4; -5; 9] [4; 9; -13] [7; 9; -12] 
11: [11; -12; -20] [11; 16; -17] [-6; 11; 20] [8; -9; 11] 
13: [8; 13; 16] [-11; 13; 14] 
14: [14; -15; -17] [6; 14; -18] [-11; 13; 14] 
15: [-9; -10; 15] 
16: [-10; -13; 16] [11; 16; -17] [-11; -14; 16] [-7; 16; -18] [8; 13; 16] 
19: [8; -15; 19] [1; -7; 19] 
20: [-6; 11; 20] [-14; -16; 20] 

Select: -15, because of [8; -12; -15]
Select: -15, because of [8; -15; 19]
Select: -15, because of [1; 8; -15]
List: (-8, [-3; -8; -12]) (-19, [-3; -12; -19])(3, [])
Choice: -15
Assignment:
-1    0     3     0     0     0     0     -8    0     10    0     12    0     0     -15   0     17    18    -19   0     
59    -1    -1    -1    -1    -1    -1    9     -1    -1    -1    -1    -1    -1    66    -1    -1    57    58    -1    
2     0     3     0     0     0     0     3     0     0     0     2     0     0     3     0     1     2     3     0     

Extraction of -15: 
[1; 8; -15] 
[9; -15; -17] 
[8; -15; 19] 
[14; -15; -17] 
[8; -12; -15] 

New map: 
-20: [11; -12; -20] [7; -10; -20] 
-18: [-7; 16; -18] [6; 14; -18] 
-17: [11; 16; -17] 
-16: [-2; -4; -16] [-14; -16; 20] 
-14: [-11; -14; 16] [-4; 7; -14] [-14; -16; 20] 
-13: [-10; -13; 16] [4; 9; -13] 
-12: [11; -12; -20] [5; 6; -12] [7; 9; -12] 
-11: [2; 7; -11] [-11; -14; 16] [-2; 5; -11] [-5; -9; -11] [-11; 13; 14] 
-10: [-10; -13; 16] [7; -10; -20] [-9; -10; 15] 
-9: [8; -9; 11] [-5; -9; -11] [-9; -10; 15] 
-7: [-7; 16; -18] [-2; -3; -7] [-3; 4; -7] [1; -7; 19] 
-6: [-6; 11; 20] [-4; -5; -6] 
-5: [-4; -5; 9] [-4; -5; -6] [-5; -9; -11] 
-4: [-4; -5; 9] [-4; -5; -6] [-2; -4; -16] [-4; 7; -14] 
-3: [-2; -3; -7] [-3; 4; -7] 
-2: [-2; 5; -11] [-2; -3; -7] [-2; -4; -16] 
1: [1; -7; 19] 
2: [2; 7; -11] 
4: [4; 9; -13] [-3; 4; -7] 
5: [-2; 5; -11] [5; 6; -12] 
6: [5; 6; -12] [6; 14; -18] 
7: [2; 7; -11] [7; -10; -20] [7; 9; -12] [-4; 7; -14] 
8: [8; -9; 11] [8; 13; 16] 
9: [-4; -5; 9] [4; 9; -13] [7; 9; -12] 
11: [11; -12; -20] [11; 16; -17] [-6; 11; 20] [8; -9; 11] 
13: [8; 13; 16] [-11; 13; 14] 
14: [6; 14; -18] [-11; 13; 14] 
15: [-9; -10; 15] 
16: [-10; -13; 16] [11; 16; -17] [-11; -14; 16] [-7; 16; -18] [8; 13; 16] 
19: [1; -7; 19] 
20: [-6; 11; 20] [-14; -16; 20] 

Select: -9, because of [-9; -10; 15]
List: (-15, [8; -12; -15]) (-8, [-3; -8; -12])(-19, [-3; -12; -19])(3, [])
Choice: -9
Assignment:
-1    0     3     0     0     0     0     -8    -9    10    0     12    0     0     -15   0     17    18    -19   0     
59    -1    -1    -1    -1    -1    -1    9     79    -1    -1    -1    -1    -1    66    -1    -1    57    58    -1    
2     0     3     0     0     0     0     3     3     0     0     2     0     0     3     0     1     2     3     0     

Extraction of -9: 
[8; -9; 11] 
[-5; -9; -11] 
[-9; -10; 15] 

New map: 
-20: [11; -12; -20] [7; -10; -20] 
-18: [-7; 16; -18] [6; 14; -18] 
-17: [11; 16; -17] 
-16: [-2; -4; -16] [-14; -16; 20] 
-14: [-11; -14; 16] [-4; 7; -14] [-14; -16; 20] 
-13: [-10; -13; 16] [4; 9; -13] 
-12: [11; -12; -20] [5; 6; -12] [7; 9; -12] 
-11: [2; 7; -11] [-11; -14; 16] [-2; 5; -11] [-11; 13; 14] 
-10: [-10; -13; 16] [7; -10; -20] 
-7: [-7; 16; -18] [-2; -3; -7] [-3; 4; -7] [1; -7; 19] 
-6: [-6; 11; 20] [-4; -5; -6] 
-5: [-4; -5; 9] [-4; -5; -6] 
-4: [-4; -5; 9] [-4; -5; -6] [-2; -4; -16] [-4; 7; -14] 
-3: [-2; -3; -7] [-3; 4; -7] 
-2: [-2; 5; -11] [-2; -3; -7] [-2; -4; -16] 
1: [1; -7; 19] 
2: [2; 7; -11] 
4: [4; 9; -13] [-3; 4; -7] 
5: [-2; 5; -11] [5; 6; -12] 
6: [5; 6; -12] [6; 14; -18] 
7: [2; 7; -11] [7; -10; -20] [7; 9; -12] [-4; 7; -14] 
8: [8; 13; 16] 
9: [-4; -5; 9] [4; 9; -13] [7; 9; -12] 
11: [11; -12; -20] [11; 16; -17] [-6; 11; 20] 
13: [8; 13; 16] [-11; 13; 14] 
14: [6; 14; -18] [-11; 13; 14] 
16: [-10; -13; 16] [11; 16; -17] [-11; -14; 16] [-7; 16; -18] [8; 13; 16] 
19: [1; -7; 19] 
20: [-6; 11; 20] [-14; -16; 20] 

Select: 7, because of [7; 9; -12]
List: (-9, [-9; -10; 15]) (-15, [8; -12; -15])(-8, [-3; -8; -12])(-19, [-3; -12; -19])(3, [])
Choice: -7
Assignment:
-1    0     3     0     0     0     -7    -8    -9    10    0     12    0     0     -15   0     17    18    -19   0     
59    -1    -1    -1    -1    -1    54    9     79    -1    -1    -1    -1    -1    66    -1    -1    57    58    -1    
2     0     3     0     0     0     3     3     3     0     0     2     0     0     3     0     1     2     3     0     

Extraction of -7: 
[-7; 16; -18] 
[-2; -3; -7] 
[-3; 4; -7] 
[1; -7; 19] 

New map: 
-20: [11; -12; -20] [7; -10; -20] 
-18: [6; 14; -18] 
-17: [11; 16; -17] 
-16: [-2; -4; -16] [-14; -16; 20] 
-14: [-11; -14; 16] [-4; 7; -14] [-14; -16; 20] 
-13: [-10; -13; 16] [4; 9; -13] 
-12: [11; -12; -20] [5; 6; -12] [7; 9; -12] 
-11: [2; 7; -11] [-11; -14; 16] [-2; 5; -11] [-11; 13; 14] 
-10: [-10; -13; 16] [7; -10; -20] 
-6: [-6; 11; 20] [-4; -5; -6] 
-5: [-4; -5; 9] [-4; -5; -6] 
-4: [-4; -5; 9] [-4; -5; -6] [-2; -4; -16] [-4; 7; -14] 
-2: [-2; 5; -11] [-2; -4; -16] 
2: [2; 7; -11] 
4: [4; 9; -13] 
5: [-2; 5; -11] [5; 6; -12] 
6: [5; 6; -12] [6; 14; -18] 
7: [2; 7; -11] [7; -10; -20] [7; 9; -12] [-4; 7; -14] 
8: [8; 13; 16] 
9: [-4; -5; 9] [4; 9; -13] [7; 9; -12] 
11: [11; -12; -20] [11; 16; -17] [-6; 11; 20] 
13: [8; 13; 16] [-11; 13; 14] 
14: [6; 14; -18] [-11; 13; 14] 
16: [-10; -13; 16] [11; 16; -17] [-11; -14; 16] [8; 13; 16] 
20: [-6; 11; 20] [-14; -16; 20] 

Clause insatisfiable: [7; 9; -12]
Set de départ: [7; 9]
Clause père de 7: [1; -7; 19]
Nouveau set: [9; 19]
Clause père de 9: [-9; -10; 15]
Nouveau set: [15; 19]
Clause père de 15: [8; -12; -15]
Nouveau set: [8; 19]
Clause père de 8: [-3; -8; -12]
Nouveau set: [19]
Clause engendrée pendant le backtrack: [1; -3; -10; -12; 19]
Nouvelle profondeur de backtrack: 2
Extraction of 2: 
[2; 7; -11] 

New map: 
-20: [11; -12; -20] [7; -10; -20] 
-19: [-8; -17; -19] [-3; -12; -19] [-12; 13; -19] 
-18: [-7; 16; -18] [6; 14; -18] 
-17: [11; 16; -17] [-8; -17; -19] [9; -15; -17] [14; -15; -17] 
-16: [-2; -4; -16] [-14; -16; 20] 
-15: [1; 8; -15] [9; -15; -17] [8; -15; 19] [14; -15; -17] [8; -12; -15] 
-14: [-11; -14; 16] [-4; 7; -14] [-14; -16; 20] 
-13: [-10; -13; 16] [4; 9; -13] 
-12: [11; -12; -20] [-3; -8; -12] [5; 6; -12] [-3; -12; -19] [-12; 13; -19] [8; -12; -15] [7; 9; -12] [1; -3; -10; -12; 19] 
-11: [-11; -14; 16] [-2; 5; -11] [-5; -9; -11] [-11; 13; 14] 
-10: [-10; -13; 16] [7; -10; -20] [-9; -10; 15] [1; -3; -10; -12; 19] 
-9: [8; -9; 11] [-5; -9; -11] [-9; -10; 15] 
-8: [-8; -17; -19] [-3; -8; -12] [-3; 5; -8] [-8; 13; 20] [-5; -8; 14] 
-7: [-7; 16; -18] [-2; -3; -7] [-3; 4; -7] [1; -7; 19] 
-6: [-6; 11; 20] [-4; -5; -6] 
-5: [-4; -5; 9] [-4; -5; -6] [-5; -9; -11] [-5; -8; 14] 
-4: [-4; -5; 9] [-4; -5; -6] [-2; -4; -16] [-4; 7; -14] 
-3: [-3; -8; -12] [-3; 5; -8] [-2; -3; -7] [-3; 4; -7] [-3; -12; -19] [1; -3; -10; -12; 19] 
-2: [-2; 5; -11] [-2; -3; -7] [-2; -4; -16] 
1: [1; 8; -15] [1; -7; 19] [1; -3; -10; -12; 19] 
4: [4; 9; -13] [-3; 4; -7] 
5: [-3; 5; -8] [-2; 5; -11] [5; 6; -12] 
6: [5; 6; -12] [6; 14; -18] 
7: [7; -10; -20] [7; 9; -12] [-4; 7; -14] 
8: [1; 8; -15] [8; -9; 11] [8; -15; 19] [8; 13; 16] [8; -12; -15] 
9: [9; -15; -17] [-4; -5; 9] [4; 9; -13] [7; 9; -12] 
11: [11; -12; -20] [11; 16; -17] [-6; 11; 20] [8; -9; 11] 
13: [8; 13; 16] [-8; 13; 20] [-12; 13; -19] [-11; 13; 14] 
14: [14; -15; -17] [-5; -8; 14] [6; 14; -18] [-11; 13; 14] 
15: [-9; -10; 15] 
16: [-10; -13; 16] [11; 16; -17] [-11; -14; 16] [-7; 16; -18] [8; 13; 16] 
19: [8; -15; 19] [1; -7; 19] [1; -3; -10; -12; 19] 
20: [-6; 11; 20] [-8; 13; 20] [-14; -16; 20] 

Extraction of -2: 
[-2; 5; -11] 
[-2; -3; -7] 
[-2; -4; -16] 

New map: 
-20: [11; -12; -20] [7; -10; -20] 
-19: [-8; -17; -19] [-3; -12; -19] [-12; 13; -19] 
-18: [-7; 16; -18] [6; 14; -18] 
-17: [11; 16; -17] [-8; -17; -19] [9; -15; -17] [14; -15; -17] 
-16: [-14; -16; 20] 
-15: [1; 8; -15] [9; -15; -17] [8; -15; 19] [14; -15; -17] [8; -12; -15] 
-14: [-11; -14; 16] [-4; 7; -14] [-14; -16; 20] 
-13: [-10; -13; 16] [4; 9; -13] 
-12: [11; -12; -20] [-3; -8; -12] [5; 6; -12] [-3; -12; -19] [-12; 13; -19] [8; -12; -15] [7; 9; -12] [1; -3; -10; -12; 19] 
-11: [2; 7; -11] [-11; -14; 16] [-5; -9; -11] [-11; 13; 14] 
-10: [-10; -13; 16] [7; -10; -20] [-9; -10; 15] [1; -3; -10; -12; 19] 
-9: [8; -9; 11] [-5; -9; -11] [-9; -10; 15] 
-8: [-8; -17; -19] [-3; -8; -12] [-3; 5; -8] [-8; 13; 20] [-5; -8; 14] 
-7: [-7; 16; -18] [-3; 4; -7] [1; -7; 19] 
-6: [-6; 11; 20] [-4; -5; -6] 
-5: [-4; -5; 9] [-4; -5; -6] [-5; -9; -11] [-5; -8; 14] 
-4: [-4; -5; 9] [-4; -5; -6] [-4; 7; -14] 
-3: [-3; -8; -12] [-3; 5; -8] [-3; 4; -7] [-3; -12; -19] [1; -3; -10; -12; 19] 
1: [1; 8; -15] [1; -7; 19] [1; -3; -10; -12; 19] 
2: [2; 7; -11] 
4: [4; 9; -13] [-3; 4; -7] 
5: [-3; 5; -8] [5; 6; -12] 
6: [5; 6; -12] [6; 14; -18] 
7: [2; 7; -11] [7; -10; -20] [7; 9; -12] [-4; 7; -14] 
8: [1; 8; -15] [8; -9; 11] [8; -15; 19] [8; 13; 16] [8; -12; -15] 
9: [9; -15; -17] [-4; -5; 9] [4; 9; -13] [7; 9; -12] 
11: [11; -12; -20] [11; 16; -17] [-6; 11; 20] [8; -9; 11] 
13: [8; 13; 16] [-8; 13; 20] [-12; 13; -19] [-11; 13; 14] 
14: [14; -15; -17] [-5; -8; 14] [6; 14; -18] [-11; 13; 14] 
15: [-9; -10; 15] 
16: [-10; -13; 16] [11; 16; -17] [-11; -14; 16] [-7; 16; -18] [8; 13; 16] 
19: [8; -15; 19] [1; -7; 19] [1; -3; -10; -12; 19] 
20: [-6; 11; 20] [-8; 13; 20] [-14; -16; 20] 

Restore: [10][17][18; -1; 12][-7; -9; -15; -8; -19; 3]
Assignment:
-1    0     3     0     0     0     -7    -8    -9    10    0     12    0     0     -15   0     17    0     -19   0     
59    -1    -1    -1    -1    -1    54    9     79    -1    -1    -1    -1    -1    66    -1    -1    -1    58    -1    
2     0     3     0     0     0     3     3     3     0     0     2     0     0     3     0     1     0     3     0     

Assignment:
0     0     3     0     0     0     -7    -8    -9    10    0     12    0     0     -15   0     17    0     -19   0     
-1    -1    -1    -1    -1    -1    54    9     79    -1    -1    -1    -1    -1    66    -1    -1    -1    58    -1    
0     0     3     0     0     0     3     3     3     0     0     2     0     0     3     0     1     0     3     0     

Assignment:
0     0     3     0     0     0     -7    -8    -9    10    0     0     0     0     -15   0     17    0     -19   0     
-1    -1    -1    -1    -1    -1    54    9     79    -1    -1    -1    -1    -1    66    -1    -1    -1    58    -1    
0     0     3     0     0     0     3     3     3     0     0     0     0     0     3     0     1     0     3     0     

Assignment:
0     0     3     0     0     0     0     -8    -9    10    0     0     0     0     -15   0     17    0     -19   0     
-1    -1    -1    -1    -1    -1    -1    9     79    -1    -1    -1    -1    -1    66    -1    -1    -1    58    -1    
0     0     3     0     0     0     0     3     3     0     0     0     0     0     3     0     1     0     3     0     

Assignment:
0     0     3     0     0     0     0     -8    0     10    0     0     0     0     -15   0     17    0     -19   0     
-1    -1    -1    -1    -1    -1    -1    9     -1    -1    -1    -1    -1    -1    66    -1    -1    -1    58    -1    
0     0     3     0     0     0     0     3     0     0     0     0     0     0     3     0     1     0     3     0     

Assignment:
0     0     3     0     0     0     0     -8    0     10    0     0     0     0     0     0     17    0     -19   0     
-1    -1    -1    -1    -1    -1    -1    9     -1    -1    -1    -1    -1    -1    -1    -1    -1    -1    58    -1    
0     0     3     0     0     0     0     3     0     0     0     0     0     0     0     0     1     0     3     0     

Assignment:
0     0     3     0     0     0     0     0     0     10    0     0     0     0     0     0     17    0     -19   0     
-1    -1    -1    -1    -1    -1    -1    -1    -1    -1    -1    -1    -1    -1    -1    -1    -1    -1    58    -1    
0     0     3     0     0     0     0     0     0     0     0     0     0     0     0     0     1     0     3     0     

Assignment:
0     0     3     0     0     0     0     0     0     10    0     0     0     0     0     0     17    0     0     0     
-1    -1    -1    -1    -1    -1    -1    -1    -1    -1    -1    -1    -1    -1    -1    -1    -1    -1    -1    -1    
0     0     3     0     0     0     0     0     0     0     0     0     0     0     0     0     1     0     0     0     

Assignment:
0     0     0     0     0     0     0     0     0     10    0     0     0     0     0     0     17    0     0     0     
-1    -1    -1    -1    -1    -1    -1    -1    -1    -1    -1    -1    -1    -1    -1    -1    -1    -1    -1    -1    
0     0     0     0     0     0     0     0     0     0     0     0     0     0     0     0     1     0     0     0     

Stack: [10][17]
Gamble: 2
Assignment:
0     2     0     0     0     0     0     0     0     10    0     0     0     0     0     0     17    0     0     0     
-1    -1    -1    -1    -1    -1    -1    -1    -1    -1    -1    -1    -1    -1    -1    -1    -1    -1    -1    -1    
0     2     0     0     0     0     0     0     0     0     0     0     0     0     0     0     1     0     0     0     

List: (2, []) 
Extraction of 11: 
[11; -12; -20] 
[11; 16; -17] 
[-6; 11; 20] 
[8; -9; 11] 

New map: 
-20: [7; -10; -20] 
-19: [-8; -17; -19] [-3; -12; -19] [-12; 13; -19] 
-18: [-7; 16; -18] [6; 14; -18] 
-17: [-8; -17; -19] [9; -15; -17] [14; -15; -17] 
-16: [-2; -4; -16] [-14; -16; 20] 
-15: [1; 8; -15] [9; -15; -17] [8; -15; 19] [14; -15; -17] [8; -12; -15] 
-14: [-11; -14; 16] [-4; 7; -14] [-14; -16; 20] 
-13: [-10; -13; 16] [4; 9; -13] 
-12: [-3; -8; -12] [5; 6; -12] [-3; -12; -19] [-12; 13; -19] [8; -12; -15] [7; 9; -12] [1; -3; -10; -12; 19] 
-11: [-11; -14; 16] [-2; 5; -11] [-5; -9; -11] [-11; 13; 14] 
-10: [-10; -13; 16] [7; -10; -20] [-9; -10; 15] [1; -3; -10; -12; 19] 
-9: [-5; -9; -11] [-9; -10; 15] 
-8: [-8; -17; -19] [-3; -8; -12] [-3; 5; -8] [-8; 13; 20] [-5; -8; 14] 
-7: [-7; 16; -18] [-2; -3; -7] [-3; 4; -7] [1; -7; 19] 
-6: [-4; -5; -6] 
-5: [-4; -5; 9] [-4; -5; -6] [-5; -9; -11] [-5; -8; 14] 
-4: [-4; -5; 9] [-4; -5; -6] [-2; -4; -16] [-4; 7; -14] 
-3: [-3; -8; -12] [-3; 5; -8] [-2; -3; -7] [-3; 4; -7] [-3; -12; -19] [1; -3; -10; -12; 19] 
-2: [-2; 5; -11] [-2; -3; -7] [-2; -4; -16] 
1: [1; 8; -15] [1; -7; 19] [1; -3; -10; -12; 19] 
4: [4; 9; -13] [-3; 4; -7] 
5: [-3; 5; -8] [-2; 5; -11] [5; 6; -12] 
6: [5; 6; -12] [6; 14; -18] 
7: [7; -10; -20] [7; 9; -12] [-4; 7; -14] 
8: [1; 8; -15] [8; -15; 19] [8; 13; 16] [8; -12; -15] 
9: [9; -15; -17] [-4; -5; 9] [4; 9; -13] [7; 9; -12] 
13: [8; 13; 16] [-8; 13; 20] [-12; 13; -19] [-11; 13; 14] 
14: [14; -15; -17] [-5; -8; 14] [6; 14; -18] [-11; 13; 14] 
15: [-9; -10; 15] 
16: [-10; -13; 16] [-11; -14; 16] [-7; 16; -18] [8; 13; 16] 
19: [8; -15; 19] [1; -7; 19] [1; -3; -10; -12; 19] 
20: [-8; 13; 20] [-14; -16; 20] 

Extraction of -11: 
[-11; -14; 16] 
[-2; 5; -11] 
[-5; -9; -11] 
[-11; 13; 14] 

New map: 
-20: [11; -12; -20] [7; -10; -20] 
-19: [-8; -17; -19] [-3; -12; -19] [-12; 13; -19] 
-18: [-7; 16; -18] [6; 14; -18] 
-17: [11; 16; -17] [-8; -17; -19] [9; -15; -17] [14; -15; -17] 
-16: [-2; -4; -16] [-14; -16; 20] 
-15: [1; 8; -15] [9; -15; -17] [8; -15; 19] [14; -15; -17] [8; -12; -15] 
-14: [-4; 7; -14] [-14; -16; 20] 
-13: [-10; -13; 16] [4; 9; -13] 
-12: [11; -12; -20] [-3; -8; -12] [5; 6; -12] [-3; -12; -19] [-12; 13; -19] [8; -12; -15] [7; 9; -12] [1; -3; -10; -12; 19] 
-10: [-10; -13; 16] [7; -10; -20] [-9; -10; 15] [1; -3; -10; -12; 19] 
-9: [8; -9; 11] [-9; -10; 15] 
-8: [-8; -17; -19] [-3; -8; -12] [-3; 5; -8] [-8; 13; 20] [-5; -8; 14] 
-7: [-7; 16; -18] [-2; -3; -7] [-3; 4; -7] [1; -7; 19] 
-6: [-6; 11; 20] [-4; -5; -6] 
-5: [-4; -5; 9] [-4; -5; -6] [-5; -8; 14] 
-4: [-4; -5; 9] [-4; -5; -6] [-2; -4; -16] [-4; 7; -14] 
-3: [-3; -8; -12] [-3; 5; -8] [-2; -3; -7] [-3; 4; -7] [-3; -12; -19] [1; -3; -10; -12; 19] 
-2: [-2; -3; -7] [-2; -4; -16] 
1: [1; 8; -15] [1; -7; 19] [1; -3; -10; -12; 19] 
4: [4; 9; -13] [-3; 4; -7] 
5: [-3; 5; -8] [5; 6; -12] 
6: [5; 6; -12] [6; 14; -18] 
7: [7; -10; -20] [7; 9; -12] [-4; 7; -14] 
8: [1; 8; -15] [8; -9; 11] [8; -15; 19] [8; 13; 16] [8; -12; -15] 
9: [9; -15; -17] [-4; -5; 9] [4; 9; -13] [7; 9; -12] 
11: [11; -12; -20] [11; 16; -17] [-6; 11; 20] [8; -9; 11] 
13: [8; 13; 16] [-8; 13; 20] [-12; 13; -19] 
14: [14; -15; -17] [-5; -8; 14] [6; 14; -18] 
15: [-9; -10; 15] 
16: [-10; -13; 16] [11; 16; -17] [-7; 16; -18] [8; 13; 16] 
19: [8; -15; 19] [1; -7; 19] [1; -3; -10; -12; 19] 
20: [-6; 11; 20] [-8; 13; 20] [-14; -16; 20] 

Restore: [10][17][2]
Stack: [10][17][2]
Gamble: 11
Assignment:
0     2     0     0     0     0     0     0     0     10    11    0     0     0     0     0     17    0     0     0     
-1    -1    -1    -1    -1    -1    -1    -1    -1    -1    -1    -1    -1    -1    -1    -1    -1    -1    -1    -1    
0     2     0     0     0     0     0     0     0     0     3     0     0     0     0     0     1     0     0     0     

Select: 5, because of [-2; 5; -11]
List: (11, []) 
Choice: 5
Assignment:
0     2     0     0     5     0     0     0     0     10    11    0     0     0     0     0     17    0     0     0     
-1    -1    -1    -1    29    -1    -1    -1    -1    -1    -1    -1    -1    -1    -1    -1    -1    -1    -1    -1    
0     2     0     0     3     0     0     0     0     0     3     0     0     0     0     0     1     0     0     0     

Extraction of 5: 
[-3; 5; -8] 
[-2; 5; -11] 
[5; 6; -12] 

New map: 
-20: [7; -10; -20] 
-19: [-8; -17; -19] [-3; -12; -19] [-12; 13; -19] 
-18: [-7; 16; -18] [6; 14; -18] 
-17: [-8; -17; -19] [9; -15; -17] [14; -15; -17] 
-16: [-2; -4; -16] [-14; -16; 20] 
-15: [1; 8; -15] [9; -15; -17] [8; -15; 19] [14; -15; -17] [8; -12; -15] 
-14: [-11; -14; 16] [-4; 7; -14] [-14; -16; 20] 
-13: [-10; -13; 16] [4; 9; -13] 
-12: [-3; -8; -12] [-3; -12; -19] [-12; 13; -19] [8; -12; -15] [7; 9; -12] [1; -3; -10; -12; 19] 
-11: [-11; -14; 16] [-5; -9; -11] [-11; 13; 14] 
-10: [-10; -13; 16] [7; -10; -20] [-9; -10; 15] [1; -3; -10; -12; 19] 
-9: [-5; -9; -11] [-9; -10; 15] 
-8: [-8; -17; -19] [-3; -8; -12] [-8; 13; 20] [-5; -8; 14] 
-7: [-7; 16; -18] [-2; -3; -7] [-3; 4; -7] [1; -7; 19] 
-6: [-4; -5; -6] 
-5: [-4; -5; 9] [-4; -5; -6] [-5; -9; -11] [-5; -8; 14] 
-4: [-4; -5; 9] [-4; -5; -6] [-2; -4; -16] [-4; 7; -14] 
-3: [-3; -8; -12] [-2; -3; -7] [-3; 4; -7] [-3; -12; -19] [1; -3; -10; -12; 19] 
-2: [-2; -3; -7] [-2; -4; -16] 
1: [1; 8; -15] [1; -7; 19] [1; -3; -10; -12; 19] 
4: [4; 9; -13] [-3; 4; -7] 
6: [6; 14; -18] 
7: [7; -10; -20] [7; 9; -12] [-4; 7; -14] 
8: [1; 8; -15] [8; -15; 19] [8; 13; 16] [8; -12; -15] 
9: [9; -15; -17] [-4; -5; 9] [4; 9; -13] [7; 9; -12] 
13: [8; 13; 16] [-8; 13; 20] [-12; 13; -19] [-11; 13; 14] 
14: [14; -15; -17] [-5; -8; 14] [6; 14; -18] [-11; 13; 14] 
15: [-9; -10; 15] 
16: [-10; -13; 16] [-11; -14; 16] [-7; 16; -18] [8; 13; 16] 
19: [8; -15; 19] [1; -7; 19] [1; -3; -10; -12; 19] 
20: [-8; 13; 20] [-14; -16; 20] 

Select: -9, because of [-5; -9; -11]
List: (5, [-2; 5; -11]) (11, [])
Choice: -9
Assignment:
0     2     0     0     5     0     0     0     -9    10    11    0     0     0     0     0     17    0     0     0     
-1    -1    -1    -1    29    -1    -1    -1    65    -1    -1    -1    -1    -1    -1    -1    -1    -1    -1    -1    
0     2     0     0     3     0     0     0     3     0     3     0     0     0     0     0     1     0     0     0     

Extraction of -9: 
[-5; -9; -11] 
[-9; -10; 15] 

New map: 
-20: [7; -10; -20] 
-19: [-8; -17; -19] [-3; -12; -19] [-12; 13; -19] 
-18: [-7; 16; -18] [6; 14; -18] 
-17: [-8; -17; -19] [9; -15; -17] [14; -15; -17] 
-16: [-2; -4; -16] [-14; -16; 20] 
-15: [1; 8; -15] [9; -15; -17] [8; -15; 19] [14; -15; -17] [8; -12; -15] 
-14: [-11; -14; 16] [-4; 7; -14] [-14; -16; 20] 
-13: [-10; -13; 16] [4; 9; -13] 
-12: [-3; -8; -12] [-3; -12; -19] [-12; 13; -19] [8; -12; -15] [7; 9; -12] [1; -3; -10; -12; 19] 
-11: [-11; -14; 16] [-11; 13; 14] 
-10: [-10; -13; 16] [7; -10; -20] [1; -3; -10; -12; 19] 
-8: [-8; -17; -19] [-3; -8; -12] [-8; 13; 20] [-5; -8; 14] 
-7: [-7; 16; -18] [-2; -3; -7] [-3; 4; -7] [1; -7; 19] 
-6: [-4; -5; -6] 
-5: [-4; -5; 9] [-4; -5; -6] [-5; -8; 14] 
-4: [-4; -5; 9] [-4; -5; -6] [-2; -4; -16] [-4; 7; -14] 
-3: [-3; -8; -12] [-2; -3; -7] [-3; 4; -7] [-3; -12; -19] [1; -3; -10; -12; 19] 
-2: [-2; -3; -7] [-2; -4; -16] 
1: [1; 8; -15] [1; -7; 19] [1; -3; -10; -12; 19] 
4: [4; 9; -13] [-3; 4; -7] 
6: [6; 14; -18] 
7: [7; -10; -20] [7; 9; -12] [-4; 7; -14] 
8: [1; 8; -15] [8; -15; 19] [8; 13; 16] [8; -12; -15] 
9: [9; -15; -17] [-4; -5; 9] [4; 9; -13] [7; 9; -12] 
13: [8; 13; 16] [-8; 13; 20] [-12; 13; -19] [-11; 13; 14] 
14: [14; -15; -17] [-5; -8; 14] [6; 14; -18] [-11; 13; 14] 
16: [-10; -13; 16] [-11; -14; 16] [-7; 16; -18] [8; 13; 16] 
19: [8; -15; 19] [1; -7; 19] [1; -3; -10; -12; 19] 
20: [-8; 13; 20] [-14; -16; 20] 

Select: -4, because of [-4; -5; 9]
Select: -15, because of [9; -15; -17]
List: (-9, [-5; -9; -11]) (5, [-2; 5; -11])(11, [])
Choice: -15
Assignment:
0     2     0     0     5     0     0     0     -9    10    11    0     0     0     -15   0     17    0     0     0     
-1    -1    -1    -1    29    -1    -1    -1    65    -1    -1    -1    -1    -1    35    -1    -1    -1    -1    -1    
0     2     0     0     3     0     0     0     3     0     3     0     0     0     3     0     1     0     0     0     

Extraction of -15: 
[1; 8; -15] 
[9; -15; -17] 
[8; -15; 19] 
[14; -15; -17] 
[8; -12; -15] 

New map: 
-20: [7; -10; -20] 
-19: [-8; -17; -19] [-3; -12; -19] [-12; 13; -19] 
-18: [-7; 16; -18] [6; 14; -18] 
-17: [-8; -17; -19] 
-16: [-2; -4; -16] [-14; -16; 20] 
-14: [-11; -14; 16] [-4; 7; -14] [-14; -16; 20] 
-13: [-10; -13; 16] [4; 9; -13] 
-12: [-3; -8; -12] [-3; -12; -19] [-12; 13; -19] [7; 9; -12] [1; -3; -10; -12; 19] 
-11: [-11; -14; 16] [-11; 13; 14] 
-10: [-10; -13; 16] [7; -10; -20] [1; -3; -10; -12; 19] 
-8: [-8; -17; -19] [-3; -8; -12] [-8; 13; 20] [-5; -8; 14] 
-7: [-7; 16; -18] [-2; -3; -7] [-3; 4; -7] [1; -7; 19] 
-6: [-4; -5; -6] 
-5: [-4; -5; 9] [-4; -5; -6] [-5; -8; 14] 
-4: [-4; -5; 9] [-4; -5; -6] [-2; -4; -16] [-4; 7; -14] 
-3: [-3; -8; -12] [-2; -3; -7] [-3; 4; -7] [-3; -12; -19] [1; -3; -10; -12; 19] 
-2: [-2; -3; -7] [-2; -4; -16] 
1: [1; -7; 19] [1; -3; -10; -12; 19] 
4: [4; 9; -13] [-3; 4; -7] 
6: [6; 14; -18] 
7: [7; -10; -20] [7; 9; -12] [-4; 7; -14] 
8: [8; 13; 16] 
9: [-4; -5; 9] [4; 9; -13] [7; 9; -12] 
13: [8; 13; 16] [-8; 13; 20] [-12; 13; -19] [-11; 13; 14] 
14: [-5; -8; 14] [6; 14; -18] [-11; 13; 14] 
16: [-10; -13; 16] [-11; -14; 16] [-7; 16; -18] [8; 13; 16] 
19: [1; -7; 19] [1; -3; -10; -12; 19] 
20: [-8; 13; 20] [-14; -16; 20] 

List: (-15, [9; -15; -17]) (-9, [-5; -9; -11])(5, [-2; 5; -11])(11, [])
Choice: -4
Assignment:
0     2     0     -4    5     0     0     0     -9    10    11    0     0     0     -15   0     17    0     0     0     
-1    -1    -1    38    29    -1    -1    -1    65    -1    -1    -1    -1    -1    35    -1    -1    -1    -1    -1    
0     2     0     3     3     0     0     0     3     0     3     0     0     0     3     0     1     0     0     0     

Extraction of -4: 
[-4; -5; 9] 
[-4; -5; -6] 
[-2; -4; -16] 
[-4; 7; -14] 

New map: 
-20: [7; -10; -20] 
-19: [-8; -17; -19] [-3; -12; -19] [-12; 13; -19] 
-18: [-7; 16; -18] [6; 14; -18] 
-17: [-8; -17; -19] 
-16: [-14; -16; 20] 
-14: [-11; -14; 16] [-14; -16; 20] 
-13: [-10; -13; 16] [4; 9; -13] 
-12: [-3; -8; -12] [-3; -12; -19] [-12; 13; -19] [7; 9; -12] [1; -3; -10; -12; 19] 
-11: [-11; -14; 16] [-11; 13; 14] 
-10: [-10; -13; 16] [7; -10; -20] [1; -3; -10; -12; 19] 
-8: [-8; -17; -19] [-3; -8; -12] [-8; 13; 20] [-5; -8; 14] 
-7: [-7; 16; -18] [-2; -3; -7] [-3; 4; -7] [1; -7; 19] 
-5: [-5; -8; 14] 
-3: [-3; -8; -12] [-2; -3; -7] [-3; 4; -7] [-3; -12; -19] [1; -3; -10; -12; 19] 
-2: [-2; -3; -7] 
1: [1; -7; 19] [1; -3; -10; -12; 19] 
4: [4; 9; -13] [-3; 4; -7] 
6: [6; 14; -18] 
7: [7; -10; -20] [7; 9; -12] 
8: [8; 13; 16] 
9: [4; 9; -13] [7; 9; -12] 
13: [8; 13; 16] [-8; 13; 20] [-12; 13; -19] [-11; 13; 14] 
14: [-5; -8; 14] [6; 14; -18] [-11; 13; 14] 
16: [-10; -13; 16] [-11; -14; 16] [-7; 16; -18] [8; 13; 16] 
19: [1; -7; 19] [1; -3; -10; -12; 19] 
20: [-8; 13; 20] [-14; -16; 20] 

Select: -13, because of [4; 9; -13]
List: (-4, [-4; -5; 9]) (-15, [9; -15; -17])(-9, [-5; -9; -11])(5, [-2; 5; -11])(11, [])
Choice: -13
Assignment:
0     2     0     -4    5     0     0     0     -9    10    11    0     -13   0     -15   0     17    0     0     0     
-1    -1    -1    38    29    -1    -1    -1    65    -1    -1    -1    49    -1    35    -1    -1    -1    -1    -1    
0     2     0     3     3     0     0     0     3     0     3     0     3     0     3     0     1     0     0     0     

Extraction of -13: 
[-10; -13; 16] 
[4; 9; -13] 

New map: 
-20: [7; -10; -20] 
-19: [-8; -17; -19] [-3; -12; -19] [-12; 13; -19] 
-18: [-7; 16; -18] [6; 14; -18] 
-17: [-8; -17; -19] 
-16: [-14; -16; 20] 
-14: [-11; -14; 16] [-14; -16; 20] 
-12: [-3; -8; -12] [-3; -12; -19] [-12; 13; -19] [7; 9; -12] [1; -3; -10; -12; 19] 
-11: [-11; -14; 16] [-11; 13; 14] 
-10: [7; -10; -20] [1; -3; -10; -12; 19] 
-8: [-8; -17; -19] [-3; -8; -12] [-8; 13; 20] [-5; -8; 14] 
-7: [-7; 16; -18] [-2; -3; -7] [-3; 4; -7] [1; -7; 19] 
-5: [-5; -8; 14] 
-3: [-3; -8; -12] [-2; -3; -7] [-3; 4; -7] [-3; -12; -19] [1; -3; -10; -12; 19] 
-2: [-2; -3; -7] 
1: [1; -7; 19] [1; -3; -10; -12; 19] 
4: [-3; 4; -7] 
6: [6; 14; -18] 
7: [7; -10; -20] [7; 9; -12] 
8: [8; 13; 16] 
9: [7; 9; -12] 
13: [8; 13; 16] [-8; 13; 20] [-12; 13; -19] [-11; 13; 14] 
14: [-5; -8; 14] [6; 14; -18] [-11; 13; 14] 
16: [-11; -14; 16] [-7; 16; -18] [8; 13; 16] 
19: [1; -7; 19] [1; -3; -10; -12; 19] 
20: [-8; 13; 20] [-14; -16; 20] 

Select: 14, because of [-11; 13; 14]
List: (-13, [4; 9; -13]) (-4, [-4; -5; 9])(-15, [9; -15; -17])(-9, [-5; -9; -11])(5, [-2; 5; -11])(11, [])
Choice: 14
Assignment:
0     2     0     -4    5     0     0     0     -9    10    11    0     -13   14    -15   0     17    0     0     0     
-1    -1    -1    38    29    -1    -1    -1    65    -1    -1    -1    49    74    35    -1    -1    -1    -1    -1    
0     2     0     3     3     0     0     0     3     0     3     0     3     3     3     0     1     0     0     0     

Extraction of 14: 
[-5; -8; 14] 
[6; 14; -18] 
[-11; 13; 14] 

New map: 
-20: [7; -10; -20] 
-19: [-8; -17; -19] [-3; -12; -19] [-12; 13; -19] 
-18: [-7; 16; -18] 
-17: [-8; -17; -19] 
-16: [-14; -16; 20] 
-14: [-11; -14; 16] [-14; -16; 20] 
-12: [-3; -8; -12] [-3; -12; -19] [-12; 13; -19] [7; 9; -12] [1; -3; -10; -12; 19] 
-11: [-11; -14; 16] 
-10: [7; -10; -20] [1; -3; -10; -12; 19] 
-8: [-8; -17; -19] [-3; -8; -12] [-8; 13; 20] 
-7: [-7; 16; -18] [-2; -3; -7] [-3; 4; -7] [1; -7; 19] 
-3: [-3; -8; -12] [-2; -3; -7] [-3; 4; -7] [-3; -12; -19] [1; -3; -10; -12; 19] 
-2: [-2; -3; -7] 
1: [1; -7; 19] [1; -3; -10; -12; 19] 
4: [-3; 4; -7] 
7: [7; -10; -20] [7; 9; -12] 
8: [8; 13; 16] 
9: [7; 9; -12] 
13: [8; 13; 16] [-8; 13; 20] [-12; 13; -19] 
16: [-11; -14; 16] [-7; 16; -18] [8; 13; 16] 
19: [1; -7; 19] [1; -3; -10; -12; 19] 
20: [-8; 13; 20] [-14; -16; 20] 

Select: 16, because of [-11; -14; 16]
List: (14, [-11; 13; 14]) (-13, [4; 9; -13])(-4, [-4; -5; 9])(-15, [9; -15; -17])(-9, [-5; -9; -11])(5, [-2; 5; -11])(11, [])
Choice: 16
Assignment:
0     2     0     -4    5     0     0     0     -9    10    11    0     -13   14    -15   16    17    0     0     0     
-1    -1    -1    38    29    -1    -1    -1    65    -1    -1    -1    49    74    35    21    -1    -1    -1    -1    
0     2     0     3     3     0     0     0     3     0     3     0     3     3     3     3     1     0     0     0     

Extraction of 16: 
[-11; -14; 16] 
[-7; 16; -18] 
[8; 13; 16] 

New map: 
-20: [7; -10; -20] 
-19: [-8; -17; -19] [-3; -12; -19] [-12; 13; -19] 
-17: [-8; -17; -19] 
-16: [-14; -16; 20] 
-14: [-14; -16; 20] 
-12: [-3; -8; -12] [-3; -12; -19] [-12; 13; -19] [7; 9; -12] [1; -3; -10; -12; 19] 
-10: [7; -10; -20] [1; -3; -10; -12; 19] 
-8: [-8; -17; -19] [-3; -8; -12] [-8; 13; 20] 
-7: [-2; -3; -7] [-3; 4; -7] [1; -7; 19] 
-3: [-3; -8; -12] [-2; -3; -7] [-3; 4; -7] [-3; -12; -19] [1; -3; -10; -12; 19] 
-2: [-2; -3; -7] 
1: [1; -7; 19] [1; -3; -10; -12; 19] 
4: [-3; 4; -7] 
7: [7; -10; -20] [7; 9; -12] 
9: [7; 9; -12] 
13: [-8; 13; 20] [-12; 13; -19] 
19: [1; -7; 19] [1; -3; -10; -12; 19] 
20: [-8; 13; 20] [-14; -16; 20] 

Select: 20, because of [-14; -16; 20]
List: (16, [-11; -14; 16]) (14, [-11; 13; 14])(-13, [4; 9; -13])(-4, [-4; -5; 9])(-15, [9; -15; -17])(-9, [-5; -9; -11])(5, [-2; 5; -11])(11, [])
Choice: 20
Assignment:
0     2     0     -4    5     0     0     0     -9    10    11    0     -13   14    -15   16    17    0     0     20    
-1    -1    -1    38    29    -1    -1    -1    65    -1    -1    -1    49    74    35    21    -1    -1    -1    76    
0     2     0     3     3     0     0     0     3     0     3     0     3     3     3     3     1     0     0     3     

Extraction of 20: 
[-8; 13; 20] 
[-14; -16; 20] 

New map: 
-20: [7; -10; -20] 
-19: [-8; -17; -19] [-3; -12; -19] [-12; 13; -19] 
-17: [-8; -17; -19] 
-12: [-3; -8; -12] [-3; -12; -19] [-12; 13; -19] [7; 9; -12] [1; -3; -10; -12; 19] 
-10: [7; -10; -20] [1; -3; -10; -12; 19] 
-8: [-8; -17; -19] [-3; -8; -12] 
-7: [-2; -3; -7] [-3; 4; -7] [1; -7; 19] 
-3: [-3; -8; -12] [-2; -3; -7] [-3; 4; -7] [-3; -12; -19] [1; -3; -10; -12; 19] 
-2: [-2; -3; -7] 
1: [1; -7; 19] [1; -3; -10; -12; 19] 
4: [-3; 4; -7] 
7: [7; -10; -20] [7; 9; -12] 
9: [7; 9; -12] 
13: [-12; 13; -19] 
19: [1; -7; 19] [1; -3; -10; -12; 19] 

Select: 7, because of [7; -10; -20]
List: (20, [-14; -16; 20]) (16, [-11; -14; 16])(14, [-11; 13; 14])(-13, [4; 9; -13])(-4, [-4; -5; 9])(-15, [9; -15; -17])(-9, [-5; -9; -11])(5, [-2; 5; -11])(11, [])
Choice: 7
Assignment:
0     2     0     -4    5     0     7     0     -9    10    11    0     -13   14    -15   16    17    0     0     20    
-1    -1    -1    38    29    -1    33    -1    65    -1    -1    -1    49    74    35    21    -1    -1    -1    76    
0     2     0     3     3     0     3     0     3     0     3     0     3     3     3     3     1     0     0     3     

Extraction of 7: 
[7; -10; -20] 
[7; 9; -12] 

New map: 
-19: [-8; -17; -19] [-3; -12; -19] [-12; 13; -19] 
-17: [-8; -17; -19] 
-12: [-3; -8; -12] [-3; -12; -19] [-12; 13; -19] [1; -3; -10; -12; 19] 
-10: [1; -3; -10; -12; 19] 
-8: [-8; -17; -19] [-3; -8; -12] 
-7: [-2; -3; -7] [-3; 4; -7] [1; -7; 19] 
-3: [-3; -8; -12] [-2; -3; -7] [-3; 4; -7] [-3; -12; -19] [1; -3; -10; -12; 19] 
-2: [-2; -3; -7] 
1: [1; -7; 19] [1; -3; -10; -12; 19] 
4: [-3; 4; -7] 
13: [-12; 13; -19] 
19: [1; -7; 19] [1; -3; -10; -12; 19] 

Select: -3, because of [-3; 4; -7]
Select: -3, because of [-2; -3; -7]
List: (7, [7; -10; -20]) (20, [-14; -16; 20])(16, [-11; -14; 16])(14, [-11; 13; 14])(-13, [4; 9; -13])(-4, [-4; -5; 9])(-15, [9; -15; -17])(-9, [-5; -9; -11])(5, [-2; 5; -11])(11, [])
Choice: -3
Assignment:
0     2     -3    -4    5     0     7     0     -9    10    11    0     -13   14    -15   16    17    0     0     20    
-1    -1    50    38    29    -1    33    -1    65    -1    -1    -1    49    74    35    21    -1    -1    -1    76    
0     2     3     3     3     0     3     0     3     0     3     0     3     3     3     3     1     0     0     3     

Extraction of -3: 
[-3; -8; -12] 
[-2; -3; -7] 
[-3; 4; -7] 
[-3; -12; -19] 
[1; -3; -10; -12; 19] 

New map: 
-19: [-8; -17; -19] [-12; 13; -19] 
-17: [-8; -17; -19] 
-12: [-12; 13; -19] 
-8: [-8; -17; -19] 
-7: [1; -7; 19] 
1: [1; -7; 19] 
13: [-12; 13; -19] 
19: [1; -7; 19] 

List: (-3, [-3; 4; -7]) (7, [7; -10; -20])(20, [-14; -16; 20])(16, [-11; -14; 16])(14, [-11; 13; 14])(-13, [4; 9; -13])(-4, [-4; -5; 9])(-15, [9; -15; -17])(-9, [-5; -9; -11])(5, [-2; 5; -11])(11, [])
Extraction of 1: 
[1; -7; 19] 

New map: 
-19: [-8; -17; -19] [-12; 13; -19] 
-17: [-8; -17; -19] 
-12: [-12; 13; -19] 
-8: [-8; -17; -19] 
13: [-12; 13; -19] 

Extraction of -1: 

New map: 
-19: [-8; -17; -19] [-12; 13; -19] 
-17: [-8; -17; -19] 
-12: [-12; 13; -19] 
-8: [-8; -17; -19] 
-7: [1; -7; 19] 
1: [1; -7; 19] 
13: [-12; 13; -19] 
19: [1; -7; 19] 

Restore: [10][17][2][-3; 7; 20; 16; 14; -13; -4; -15; -9; 5; 11]
Stack: [10][17][2][-3; 7; 20; 16; 14; -13; -4; -15; -9; 5; 11]
Gamble: 1
Assignment:
1     2     -3    -4    5     0     7     0     -9    10    11    0     -13   14    -15   16    17    0     0     20    
-1    -1    50    38    29    -1    33    -1    65    -1    -1    -1    49    74    35    21    -1    -1    -1    76    
4     2     3     3     3     0     3     0     3     0     3     0     3     3     3     3     1     0     0     3     

List: (1, []) 
Extraction of 19: 

New map: 
-19: [-8; -17; -19] [-12; 13; -19] 
-17: [-8; -17; -19] 
-12: [-12; 13; -19] 
-8: [-8; -17; -19] 
13: [-12; 13; -19] 

Extraction of -19: 
[-8; -17; -19] 
[-12; 13; -19] 

New map: 

Restore: [10][17][2][-3; 7; 20; 16; 14; -13; -4; -15; -9; 5; 11][1]
Stack: [10][17][2][-3; 7; 20; 16; 14; -13; -4; -15; -9; 5; 11][1]
Gamble: 19
Assignment:
1     2     -3    -4    5     0     7     0     -9    10    11    0     -13   14    -15   16    17    0     19    20    
-1    -1    50    38    29    -1    33    -1    65    -1    -1    -1    49    74    35    21    -1    -1    -1    76    
4     2     3     3     3     0     3     0     3     0     3     0     3     3     3     3     1     0     5     3     

Select: -12, because of [-12; 13; -19]
Select: -8, because of [-8; -17; -19]
List: (19, []) 
Choice: -12
Assignment:
1     2     -3    -4    5     0     7     0     -9    10    11    -12   -13   14    -15   16    17    0     19    20    
-1    -1    50    38    29    -1    33    -1    65    -1    -1    64    49    74    35    21    -1    -1    -1    76    
4     2     3     3     3     0     3     0     3     0     3     5     3     3     3     3     1     0     5     3     

Extraction of -12: 
[-12; 13; -19] 

New map: 
-19: [-8; -17; -19] 
-17: [-8; -17; -19] 
-8: [-8; -17; -19] 

List: (-12, [-12; 13; -19]) (19, [])
Choice: -8
Assignment:
1     2     -3    -4    5     0     7     -8    -9    10    11    -12   -13   14    -15   16    17    0     19    20    
-1    -1    50    38    29    -1    33    8     65    -1    -1    64    49    74    35    21    -1    -1    -1    76    
4     2     3     3     3     0     3     5     3     0     3     5     3     3     3     3     1     0     5     3     

Extraction of -8: 
[-8; -17; -19] 

New map: 

List: (-8, [-8; -17; -19]) (-12, [-12; 13; -19])(19, [])
Extraction of 18: 

New map: 

Extraction of -18: 

New map: 

Restore: [10][17][2][-3; 7; 20; 16; 14; -13; -4; -15; -9; 5; 11][1][-8; -12; 19]
Stack: [10][17][2][-3; 7; 20; 16; 14; -13; -4; -15; -9; 5; 11][1][-8; -12; 19]
Gamble: 18
Assignment:
1     2     -3    -4    5     0     7     -8    -9    10    11    -12   -13   14    -15   16    17    18    19    20    
-1    -1    50    38    29    -1    33    8     65    -1    -1    64    49    74    35    21    -1    -1    -1    76    
4     2     3     3     3     0     3     5     3     0     3     5     3     3     3     3     1     6     5     3     

List: (18, []) 
Extraction of 6: 

New map: 

Extraction of -6: 

New map: 

Restore: [10][17][2][-3; 7; 20; 16; 14; -13; -4; -15; -9; 5; 11][1][-8; -12; 19][18]
Stack: [10][17][2][-3; 7; 20; 16; 14; -13; -4; -15; -9; 5; 11][1][-8; -12; 19][18]
Gamble: 6
Assignment:
1     2     -3    -4    5     6     7     -8    -9    10    11    -12   -13   14    -15   16    17    18    19    20    
-1    -1    50    38    29    -1    33    8     65    -1    -1    64    49    74    35    21    -1    -1    -1    76    
4     2     3     3     3     7     3     5     3     0     3     5     3     3     3     3     1     6     5     3     

List: (6, []) 
s SATISFIABLE
c Possible assignation: 1 2 -3 -4 5 6 7 -8 -9 10 11 -12 -13 14 -15 16 17 18 19 20 
c Error during verification.
c Result found within 0.020001 seconds.
