clauseArray:
0: [3; -9; -15]
1: [-4; -12; -15]
2: [6; 14; -17]
3: [10; 11; 16]
4: [-7; -15; 20]
5: [-1; 10; 16]
6: [-7; 13; 17]
7: [-2; -13; -14]
8: [-6; 13; 15]
9: [3; -9; 16]
10: [4; -13; -20]
11: [-7; -14; 15]
12: [6; -15; -16]
13: [5; -18; 20]
14: [7; -16; -19]
15: [-2; -18; 20]
16: [10; -14; -19]
17: [-7; 12; 16]
18: [-1; -5; 6]
19: [-9; 11; 15]
20: [-6; 7; 19]
21: [-11; 17; -19]
22: [6; 9; -16]
23: [10; 15; -20]
24: [-1; 9; -11]
25: [5; -8; -19]
26: [11; -19; 20]
27: [-3; -12; 13]
28: [-7; -17; -19]
29: [6; -11; 17]
30: [-7; 10; -17]
31: [9; -14; 20]
32: [1; -16; -18]
33: [-2; -15; 20]
34: [-1; 14; 18]
35: [1; -4; -8]
36: [3; -9; 13]
37: [5; 7; 8]
38: [4; 9; -20]
39: [-10; -15; -18]
40: [3; 10; -20]
41: [-14; 16; 20]
42: [-3; -11; 20]
43: [-12; -16; 19]
44: [-3; 5; 10]
45: [-7; 8; 13]
46: [-2; 10; -15]
47: [-3; 9; 16]
48: [-12; -16; -18]
49: [1; 3; -12]
50: [5; 13; -18]
51: [1; 3; -19]
52: [-5; 6; -19]
53: [-2; 8; -20]
54: [-8; -13; 17]
55: [7; -11; -12]
56: [-10; -14; -20]
57: [-1; -12; 16]
58: [-3; 5; 9]
59: [8; 14; -18]

Watched literals :(3 -9) (-4 -12) (6 14) (10 11) (-7 -15) (-1 10) (-7 13) (-2 -13) (-6 13) (3 -9) (4 -13) (-7 -14) (6 -15) (5 -18) (7 -16) (-2 -18) (10 -14) (-7 12) (-1 -5) (-9 11) (-6 7) (-11 17) (6 9) (10 15) (-1 9) (5 -8) (11 -19) (-3 -12) (-7 -17) (6 -11) (-7 10) (9 -14) (1 -16) (-2 -15) (-1 14) (1 -4) (3 -9) (5 7) (4 9) (-10 -15) (3 10) (-14 16) (-3 -11) (-12 -16) (-3 5) (-7 8) (-2 10) (-3 9) (-12 -16) (1 3) (5 13) (1 3) (-5 6) (-2 8) (-8 -13) (7 -11) (-10 -14) (-1 -12) (-3 5) (8 14) 
Order: 20 16 15 7 3 19 10 9 13 1 14 6 11 12 5 18 17 8 2 4 

Extraction:
4: [-7; -15; 20]
13: [5; -18; 20]
15: [-2; -18; 20]
26: [11; -19; 20]
31: [9; -14; 20]
33: [-2; -15; 20]
41: [-14; 16; 20]
42: [-3; -11; 20]

New map:
-20: [4; -13; -20] [10; 15; -20] [4; 9; -20] [3; 10; -20] [-2; 8; -20] [-10; -14; -20] 
-19: [7; -16; -19] [10; -14; -19] [-11; 17; -19] [5; -8; -19] [-7; -17; -19] [1; 3; -19] [-5; 6; -19] 
-18: [1; -16; -18] [-10; -15; -18] [-12; -16; -18] [5; 13; -18] [8; 14; -18] 
-17: [6; 14; -17] [-7; -17; -19] [-7; 10; -17] 
-16: [6; -15; -16] [7; -16; -19] [6; 9; -16] [1; -16; -18] [-12; -16; 19] [-12; -16; -18] 
-15: [3; -9; -15] [-4; -12; -15] [6; -15; -16] [-10; -15; -18] [-2; 10; -15] 
-14: [-2; -13; -14] [-7; -14; 15] [10; -14; -19] [-10; -14; -20] 
-13: [-2; -13; -14] [4; -13; -20] [-8; -13; 17] 
-12: [-4; -12; -15] [-3; -12; 13] [-12; -16; 19] [-12; -16; -18] [1; 3; -12] [7; -11; -12] [-1; -12; 16] 
-11: [-11; 17; -19] [-1; 9; -11] [6; -11; 17] [7; -11; -12] 
-10: [-10; -15; -18] [-10; -14; -20] 
-9: [3; -9; -15] [3; -9; 16] [-9; 11; 15] [3; -9; 13] 
-8: [5; -8; -19] [1; -4; -8] [-8; -13; 17] 
-7: [-7; 13; 17] [-7; -14; 15] [-7; 12; 16] [-7; -17; -19] [-7; 10; -17] [-7; 8; 13] 
-6: [-6; 13; 15] [-6; 7; 19] 
-5: [-1; -5; 6] [-5; 6; -19] 
-4: [-4; -12; -15] [1; -4; -8] 
-3: [-3; -12; 13] [-3; 5; 10] [-3; 9; 16] [-3; 5; 9] 
-2: [-2; -13; -14] [-2; 10; -15] [-2; 8; -20] 
-1: [-1; 10; 16] [-1; -5; 6] [-1; 9; -11] [-1; 14; 18] [-1; -12; 16] 
1: [1; -16; -18] [1; -4; -8] [1; 3; -12] [1; 3; -19] 
3: [3; -9; -15] [3; -9; 16] [3; -9; 13] [3; 10; -20] [1; 3; -12] [1; 3; -19] 
4: [4; -13; -20] [4; 9; -20] 
5: [5; -8; -19] [5; 7; 8] [-3; 5; 10] [5; 13; -18] [-3; 5; 9] 
6: [6; 14; -17] [6; -15; -16] [-1; -5; 6] [6; 9; -16] [6; -11; 17] [-5; 6; -19] 
7: [7; -16; -19] [-6; 7; 19] [5; 7; 8] [7; -11; -12] 
8: [5; 7; 8] [-7; 8; 13] [-2; 8; -20] [8; 14; -18] 
9: [6; 9; -16] [-1; 9; -11] [4; 9; -20] [-3; 9; 16] [-3; 5; 9] 
10: [10; 11; 16] [-1; 10; 16] [10; -14; -19] [10; 15; -20] [-7; 10; -17] [3; 10; -20] [-3; 5; 10] [-2; 10; -15] 
11: [10; 11; 16] [-9; 11; 15] 
12: [-7; 12; 16] 
13: [-7; 13; 17] [-6; 13; 15] [-3; -12; 13] [3; -9; 13] [-7; 8; 13] [5; 13; -18] 
14: [6; 14; -17] [-1; 14; 18] [8; 14; -18] 
15: [-6; 13; 15] [-7; -14; 15] [-9; 11; 15] [10; 15; -20] 
16: [10; 11; 16] [-1; 10; 16] [3; -9; 16] [-7; 12; 16] [-3; 9; 16] [-1; -12; 16] 
17: [-7; 13; 17] [-11; 17; -19] [6; -11; 17] [-8; -13; 17] 
18: [-1; 14; 18] 
19: [-6; 7; 19] [-12; -16; 19] 

Extraction:
10: [4; -13; -20]
23: [10; 15; -20]
38: [4; 9; -20]
40: [3; 10; -20]
53: [-2; 8; -20]
56: [-10; -14; -20]

New map:
-19: [7; -16; -19] [10; -14; -19] [-11; 17; -19] [5; -8; -19] [11; -19; 20] [-7; -17; -19] [1; 3; -19] [-5; 6; -19] 
-18: [5; -18; 20] [-2; -18; 20] [1; -16; -18] [-10; -15; -18] [-12; -16; -18] [5; 13; -18] [8; 14; -18] 
-17: [6; 14; -17] [-7; -17; -19] [-7; 10; -17] 
-16: [6; -15; -16] [7; -16; -19] [6; 9; -16] [1; -16; -18] [-12; -16; 19] [-12; -16; -18] 
-15: [3; -9; -15] [-4; -12; -15] [-7; -15; 20] [6; -15; -16] [-2; -15; 20] [-10; -15; -18] [-2; 10; -15] 
-14: [-2; -13; -14] [-7; -14; 15] [10; -14; -19] [9; -14; 20] [-14; 16; 20] 
-13: [-2; -13; -14] [-8; -13; 17] 
-12: [-4; -12; -15] [-3; -12; 13] [-12; -16; 19] [-12; -16; -18] [1; 3; -12] [7; -11; -12] [-1; -12; 16] 
-11: [-11; 17; -19] [-1; 9; -11] [6; -11; 17] [-3; -11; 20] [7; -11; -12] 
-10: [-10; -15; -18] 
-9: [3; -9; -15] [3; -9; 16] [-9; 11; 15] [3; -9; 13] 
-8: [5; -8; -19] [1; -4; -8] [-8; -13; 17] 
-7: [-7; -15; 20] [-7; 13; 17] [-7; -14; 15] [-7; 12; 16] [-7; -17; -19] [-7; 10; -17] [-7; 8; 13] 
-6: [-6; 13; 15] [-6; 7; 19] 
-5: [-1; -5; 6] [-5; 6; -19] 
-4: [-4; -12; -15] [1; -4; -8] 
-3: [-3; -12; 13] [-3; -11; 20] [-3; 5; 10] [-3; 9; 16] [-3; 5; 9] 
-2: [-2; -13; -14] [-2; -18; 20] [-2; -15; 20] [-2; 10; -15] 
-1: [-1; 10; 16] [-1; -5; 6] [-1; 9; -11] [-1; 14; 18] [-1; -12; 16] 
1: [1; -16; -18] [1; -4; -8] [1; 3; -12] [1; 3; -19] 
3: [3; -9; -15] [3; -9; 16] [3; -9; 13] [1; 3; -12] [1; 3; -19] 
5: [5; -18; 20] [5; -8; -19] [5; 7; 8] [-3; 5; 10] [5; 13; -18] [-3; 5; 9] 
6: [6; 14; -17] [6; -15; -16] [-1; -5; 6] [6; 9; -16] [6; -11; 17] [-5; 6; -19] 
7: [7; -16; -19] [-6; 7; 19] [5; 7; 8] [7; -11; -12] 
8: [5; 7; 8] [-7; 8; 13] [8; 14; -18] 
9: [6; 9; -16] [-1; 9; -11] [9; -14; 20] [-3; 9; 16] [-3; 5; 9] 
10: [10; 11; 16] [-1; 10; 16] [10; -14; -19] [-7; 10; -17] [-3; 5; 10] [-2; 10; -15] 
11: [10; 11; 16] [-9; 11; 15] [11; -19; 20] 
12: [-7; 12; 16] 
13: [-7; 13; 17] [-6; 13; 15] [-3; -12; 13] [3; -9; 13] [-7; 8; 13] [5; 13; -18] 
14: [6; 14; -17] [-1; 14; 18] [8; 14; -18] 
15: [-6; 13; 15] [-7; -14; 15] [-9; 11; 15] 
16: [10; 11; 16] [-1; 10; 16] [3; -9; 16] [-7; 12; 16] [-14; 16; 20] [-3; 9; 16] [-1; -12; 16] 
17: [-7; 13; 17] [-11; 17; -19] [6; -11; 17] [-8; -13; 17] 
18: [-1; 14; 18] 
19: [-6; 7; 19] [-12; -16; 19] 
20: [-7; -15; 20] [5; -18; 20] [-2; -18; 20] [11; -19; 20] [9; -14; 20] [-2; -15; 20] [-14; 16; 20] [-3; -11; 20] 

Order: 16 15 7 3 19 10 9 13 1 14 6 11 12 5 18 17 8 2 4 

Order: 16 15 7 3 19 10 9 13 1 14 6 11 12 5 18 17 8 2 4 

Gamble: 20
Assignment: 0 0 0 0 0 0 0 0 0 0 0 0 0 0 0 0 0 0 0 20 

WLit choose: 20
Flush: [20]
Order: 16 15 7 3 19 10 9 13 1 14 6 11 12 5 18 17 8 2 4 

Extraction:
3: [10; 11; 16]
5: [-1; 10; 16]
9: [3; -9; 16]
17: [-7; 12; 16]
47: [-3; 9; 16]
57: [-1; -12; 16]

New map:
-20: [4; -13; -20] [10; 15; -20] [4; 9; -20] [3; 10; -20] [-2; 8; -20] [-10; -14; -20] 
-19: [7; -16; -19] [10; -14; -19] [-11; 17; -19] [5; -8; -19] [-7; -17; -19] [1; 3; -19] [-5; 6; -19] 
-18: [1; -16; -18] [-10; -15; -18] [-12; -16; -18] [5; 13; -18] [8; 14; -18] 
-17: [6; 14; -17] [-7; -17; -19] [-7; 10; -17] 
-16: [6; -15; -16] [7; -16; -19] [6; 9; -16] [1; -16; -18] [-12; -16; 19] [-12; -16; -18] 
-15: [3; -9; -15] [-4; -12; -15] [6; -15; -16] [-10; -15; -18] [-2; 10; -15] 
-14: [-2; -13; -14] [-7; -14; 15] [10; -14; -19] [-10; -14; -20] 
-13: [-2; -13; -14] [4; -13; -20] [-8; -13; 17] 
-12: [-4; -12; -15] [-3; -12; 13] [-12; -16; 19] [-12; -16; -18] [1; 3; -12] [7; -11; -12] 
-11: [-11; 17; -19] [-1; 9; -11] [6; -11; 17] [7; -11; -12] 
-10: [-10; -15; -18] [-10; -14; -20] 
-9: [3; -9; -15] [-9; 11; 15] [3; -9; 13] 
-8: [5; -8; -19] [1; -4; -8] [-8; -13; 17] 
-7: [-7; 13; 17] [-7; -14; 15] [-7; -17; -19] [-7; 10; -17] [-7; 8; 13] 
-6: [-6; 13; 15] [-6; 7; 19] 
-5: [-1; -5; 6] [-5; 6; -19] 
-4: [-4; -12; -15] [1; -4; -8] 
-3: [-3; -12; 13] [-3; 5; 10] [-3; 5; 9] 
-2: [-2; -13; -14] [-2; 10; -15] [-2; 8; -20] 
-1: [-1; -5; 6] [-1; 9; -11] [-1; 14; 18] 
1: [1; -16; -18] [1; -4; -8] [1; 3; -12] [1; 3; -19] 
3: [3; -9; -15] [3; -9; 13] [3; 10; -20] [1; 3; -12] [1; 3; -19] 
4: [4; -13; -20] [4; 9; -20] 
5: [5; -8; -19] [5; 7; 8] [-3; 5; 10] [5; 13; -18] [-3; 5; 9] 
6: [6; 14; -17] [6; -15; -16] [-1; -5; 6] [6; 9; -16] [6; -11; 17] [-5; 6; -19] 
7: [7; -16; -19] [-6; 7; 19] [5; 7; 8] [7; -11; -12] 
8: [5; 7; 8] [-7; 8; 13] [-2; 8; -20] [8; 14; -18] 
9: [6; 9; -16] [-1; 9; -11] [4; 9; -20] [-3; 5; 9] 
10: [10; -14; -19] [10; 15; -20] [-7; 10; -17] [3; 10; -20] [-3; 5; 10] [-2; 10; -15] 
11: [-9; 11; 15] 
13: [-7; 13; 17] [-6; 13; 15] [-3; -12; 13] [3; -9; 13] [-7; 8; 13] [5; 13; -18] 
14: [6; 14; -17] [-1; 14; 18] [8; 14; -18] 
15: [-6; 13; 15] [-7; -14; 15] [-9; 11; 15] [10; 15; -20] 
17: [-7; 13; 17] [-11; 17; -19] [6; -11; 17] [-8; -13; 17] 
18: [-1; 14; 18] 
19: [-6; 7; 19] [-12; -16; 19] 

Extraction:
12: [6; -15; -16]
14: [7; -16; -19]
22: [6; 9; -16]
32: [1; -16; -18]
43: [-12; -16; 19]
48: [-12; -16; -18]

New map:
-20: [4; -13; -20] [10; 15; -20] [4; 9; -20] [3; 10; -20] [-2; 8; -20] [-10; -14; -20] 
-19: [10; -14; -19] [-11; 17; -19] [5; -8; -19] [-7; -17; -19] [1; 3; -19] [-5; 6; -19] 
-18: [-10; -15; -18] [5; 13; -18] [8; 14; -18] 
-17: [6; 14; -17] [-7; -17; -19] [-7; 10; -17] 
-15: [3; -9; -15] [-4; -12; -15] [-10; -15; -18] [-2; 10; -15] 
-14: [-2; -13; -14] [-7; -14; 15] [10; -14; -19] [-10; -14; -20] 
-13: [-2; -13; -14] [4; -13; -20] [-8; -13; 17] 
-12: [-4; -12; -15] [-3; -12; 13] [1; 3; -12] [7; -11; -12] [-1; -12; 16] 
-11: [-11; 17; -19] [-1; 9; -11] [6; -11; 17] [7; -11; -12] 
-10: [-10; -15; -18] [-10; -14; -20] 
-9: [3; -9; -15] [3; -9; 16] [-9; 11; 15] [3; -9; 13] 
-8: [5; -8; -19] [1; -4; -8] [-8; -13; 17] 
-7: [-7; 13; 17] [-7; -14; 15] [-7; 12; 16] [-7; -17; -19] [-7; 10; -17] [-7; 8; 13] 
-6: [-6; 13; 15] [-6; 7; 19] 
-5: [-1; -5; 6] [-5; 6; -19] 
-4: [-4; -12; -15] [1; -4; -8] 
-3: [-3; -12; 13] [-3; 5; 10] [-3; 9; 16] [-3; 5; 9] 
-2: [-2; -13; -14] [-2; 10; -15] [-2; 8; -20] 
-1: [-1; 10; 16] [-1; -5; 6] [-1; 9; -11] [-1; 14; 18] [-1; -12; 16] 
1: [1; -4; -8] [1; 3; -12] [1; 3; -19] 
3: [3; -9; -15] [3; -9; 16] [3; -9; 13] [3; 10; -20] [1; 3; -12] [1; 3; -19] 
4: [4; -13; -20] [4; 9; -20] 
5: [5; -8; -19] [5; 7; 8] [-3; 5; 10] [5; 13; -18] [-3; 5; 9] 
6: [6; 14; -17] [-1; -5; 6] [6; -11; 17] [-5; 6; -19] 
7: [-6; 7; 19] [5; 7; 8] [7; -11; -12] 
8: [5; 7; 8] [-7; 8; 13] [-2; 8; -20] [8; 14; -18] 
9: [-1; 9; -11] [4; 9; -20] [-3; 9; 16] [-3; 5; 9] 
10: [10; 11; 16] [-1; 10; 16] [10; -14; -19] [10; 15; -20] [-7; 10; -17] [3; 10; -20] [-3; 5; 10] [-2; 10; -15] 
11: [10; 11; 16] [-9; 11; 15] 
12: [-7; 12; 16] 
13: [-7; 13; 17] [-6; 13; 15] [-3; -12; 13] [3; -9; 13] [-7; 8; 13] [5; 13; -18] 
14: [6; 14; -17] [-1; 14; 18] [8; 14; -18] 
15: [-6; 13; 15] [-7; -14; 15] [-9; 11; 15] [10; 15; -20] 
16: [10; 11; 16] [-1; 10; 16] [3; -9; 16] [-7; 12; 16] [-3; 9; 16] [-1; -12; 16] 
17: [-7; 13; 17] [-11; 17; -19] [6; -11; 17] [-8; -13; 17] 
18: [-1; 14; 18] 
19: [-6; 7; 19] 

Order: 15 7 3 19 10 9 13 1 14 6 11 12 5 18 17 8 2 4 

Order: 15 7 3 19 10 9 13 1 14 6 11 12 5 18 17 8 2 4 

Gamble: 16
Assignment: 0 0 0 0 0 0 0 0 0 0 0 0 0 0 0 16 0 0 0 20 

WLit choose: 16
Flush: [16][20]
Order: 15 7 3 19 10 9 13 1 14 6 11 12 5 18 17 8 2 4 

Extraction:
8: [-6; 13; 15]
11: [-7; -14; 15]
19: [-9; 11; 15]
23: [10; 15; -20]

New map:
-20: [4; -13; -20] [4; 9; -20] [3; 10; -20] [-2; 8; -20] [-10; -14; -20] 
-19: [7; -16; -19] [10; -14; -19] [-11; 17; -19] [5; -8; -19] [-7; -17; -19] [1; 3; -19] [-5; 6; -19] 
-18: [1; -16; -18] [-10; -15; -18] [-12; -16; -18] [5; 13; -18] [8; 14; -18] 
-17: [6; 14; -17] [-7; -17; -19] [-7; 10; -17] 
-16: [6; -15; -16] [7; -16; -19] [6; 9; -16] [1; -16; -18] [-12; -16; 19] [-12; -16; -18] 
-15: [3; -9; -15] [-4; -12; -15] [6; -15; -16] [-10; -15; -18] [-2; 10; -15] 
-14: [-2; -13; -14] [10; -14; -19] [-10; -14; -20] 
-13: [-2; -13; -14] [4; -13; -20] [-8; -13; 17] 
-12: [-4; -12; -15] [-3; -12; 13] [-12; -16; 19] [-12; -16; -18] [1; 3; -12] [7; -11; -12] 
-11: [-11; 17; -19] [-1; 9; -11] [6; -11; 17] [7; -11; -12] 
-10: [-10; -15; -18] [-10; -14; -20] 
-9: [3; -9; -15] [3; -9; 13] 
-8: [5; -8; -19] [1; -4; -8] [-8; -13; 17] 
-7: [-7; 13; 17] [-7; -17; -19] [-7; 10; -17] [-7; 8; 13] 
-6: [-6; 7; 19] 
-5: [-1; -5; 6] [-5; 6; -19] 
-4: [-4; -12; -15] [1; -4; -8] 
-3: [-3; -12; 13] [-3; 5; 10] [-3; 5; 9] 
-2: [-2; -13; -14] [-2; 10; -15] [-2; 8; -20] 
-1: [-1; -5; 6] [-1; 9; -11] [-1; 14; 18] 
1: [1; -16; -18] [1; -4; -8] [1; 3; -12] [1; 3; -19] 
3: [3; -9; -15] [3; -9; 13] [3; 10; -20] [1; 3; -12] [1; 3; -19] 
4: [4; -13; -20] [4; 9; -20] 
5: [5; -8; -19] [5; 7; 8] [-3; 5; 10] [5; 13; -18] [-3; 5; 9] 
6: [6; 14; -17] [6; -15; -16] [-1; -5; 6] [6; 9; -16] [6; -11; 17] [-5; 6; -19] 
7: [7; -16; -19] [-6; 7; 19] [5; 7; 8] [7; -11; -12] 
8: [5; 7; 8] [-7; 8; 13] [-2; 8; -20] [8; 14; -18] 
9: [6; 9; -16] [-1; 9; -11] [4; 9; -20] [-3; 5; 9] 
10: [10; -14; -19] [-7; 10; -17] [3; 10; -20] [-3; 5; 10] [-2; 10; -15] 
13: [-7; 13; 17] [-3; -12; 13] [3; -9; 13] [-7; 8; 13] [5; 13; -18] 
14: [6; 14; -17] [-1; 14; 18] [8; 14; -18] 
17: [-7; 13; 17] [-11; 17; -19] [6; -11; 17] [-8; -13; 17] 
18: [-1; 14; 18] 
19: [-6; 7; 19] [-12; -16; 19] 

Extraction:
0: [3; -9; -15]
1: [-4; -12; -15]
12: [6; -15; -16]
39: [-10; -15; -18]
46: [-2; 10; -15]

New map:
-20: [4; -13; -20] [10; 15; -20] [4; 9; -20] [3; 10; -20] [-2; 8; -20] [-10; -14; -20] 
-19: [7; -16; -19] [10; -14; -19] [-11; 17; -19] [5; -8; -19] [-7; -17; -19] [1; 3; -19] [-5; 6; -19] 
-18: [1; -16; -18] [-12; -16; -18] [5; 13; -18] [8; 14; -18] 
-17: [6; 14; -17] [-7; -17; -19] [-7; 10; -17] 
-16: [7; -16; -19] [6; 9; -16] [1; -16; -18] [-12; -16; 19] [-12; -16; -18] 
-14: [-2; -13; -14] [-7; -14; 15] [10; -14; -19] [-10; -14; -20] 
-13: [-2; -13; -14] [4; -13; -20] [-8; -13; 17] 
-12: [-3; -12; 13] [-12; -16; 19] [-12; -16; -18] [1; 3; -12] [7; -11; -12] 
-11: [-11; 17; -19] [-1; 9; -11] [6; -11; 17] [7; -11; -12] 
-10: [-10; -14; -20] 
-9: [-9; 11; 15] [3; -9; 13] 
-8: [5; -8; -19] [1; -4; -8] [-8; -13; 17] 
-7: [-7; 13; 17] [-7; -14; 15] [-7; -17; -19] [-7; 10; -17] [-7; 8; 13] 
-6: [-6; 13; 15] [-6; 7; 19] 
-5: [-1; -5; 6] [-5; 6; -19] 
-4: [1; -4; -8] 
-3: [-3; -12; 13] [-3; 5; 10] [-3; 5; 9] 
-2: [-2; -13; -14] [-2; 8; -20] 
-1: [-1; -5; 6] [-1; 9; -11] [-1; 14; 18] 
1: [1; -16; -18] [1; -4; -8] [1; 3; -12] [1; 3; -19] 
3: [3; -9; 13] [3; 10; -20] [1; 3; -12] [1; 3; -19] 
4: [4; -13; -20] [4; 9; -20] 
5: [5; -8; -19] [5; 7; 8] [-3; 5; 10] [5; 13; -18] [-3; 5; 9] 
6: [6; 14; -17] [-1; -5; 6] [6; 9; -16] [6; -11; 17] [-5; 6; -19] 
7: [7; -16; -19] [-6; 7; 19] [5; 7; 8] [7; -11; -12] 
8: [5; 7; 8] [-7; 8; 13] [-2; 8; -20] [8; 14; -18] 
9: [6; 9; -16] [-1; 9; -11] [4; 9; -20] [-3; 5; 9] 
10: [10; -14; -19] [10; 15; -20] [-7; 10; -17] [3; 10; -20] [-3; 5; 10] 
11: [-9; 11; 15] 
13: [-7; 13; 17] [-6; 13; 15] [-3; -12; 13] [3; -9; 13] [-7; 8; 13] [5; 13; -18] 
14: [6; 14; -17] [-1; 14; 18] [8; 14; -18] 
15: [-6; 13; 15] [-7; -14; 15] [-9; 11; 15] [10; 15; -20] 
17: [-7; 13; 17] [-11; 17; -19] [6; -11; 17] [-8; -13; 17] 
18: [-1; 14; 18] 
19: [-6; 7; 19] [-12; -16; 19] 

Order: 7 3 19 10 9 13 1 14 6 11 12 5 18 17 8 2 4 

Order: 7 3 19 10 9 13 1 14 6 11 12 5 18 17 8 2 4 

Gamble: 15
Assignment: 0 0 0 0 0 0 0 0 0 0 0 0 0 0 15 16 0 0 0 20 

WLit choose: 15
Flush: [15][16][20]
Order: 7 3 19 10 9 13 1 14 6 11 12 5 18 17 8 2 4 

Extraction:
14: [7; -16; -19]
20: [-6; 7; 19]
37: [5; 7; 8]
55: [7; -11; -12]

New map:
-20: [4; -13; -20] [4; 9; -20] [3; 10; -20] [-2; 8; -20] [-10; -14; -20] 
-19: [10; -14; -19] [-11; 17; -19] [5; -8; -19] [-7; -17; -19] [1; 3; -19] [-5; 6; -19] 
-18: [1; -16; -18] [-10; -15; -18] [-12; -16; -18] [5; 13; -18] [8; 14; -18] 
-17: [6; 14; -17] [-7; -17; -19] [-7; 10; -17] 
-16: [6; -15; -16] [6; 9; -16] [1; -16; -18] [-12; -16; 19] [-12; -16; -18] 
-15: [3; -9; -15] [-4; -12; -15] [6; -15; -16] [-10; -15; -18] [-2; 10; -15] 
-14: [-2; -13; -14] [10; -14; -19] [-10; -14; -20] 
-13: [-2; -13; -14] [4; -13; -20] [-8; -13; 17] 
-12: [-4; -12; -15] [-3; -12; 13] [-12; -16; 19] [-12; -16; -18] [1; 3; -12] 
-11: [-11; 17; -19] [-1; 9; -11] [6; -11; 17] 
-10: [-10; -15; -18] [-10; -14; -20] 
-9: [3; -9; -15] [3; -9; 13] 
-8: [5; -8; -19] [1; -4; -8] [-8; -13; 17] 
-7: [-7; 13; 17] [-7; -17; -19] [-7; 10; -17] [-7; 8; 13] 
-5: [-1; -5; 6] [-5; 6; -19] 
-4: [-4; -12; -15] [1; -4; -8] 
-3: [-3; -12; 13] [-3; 5; 10] [-3; 5; 9] 
-2: [-2; -13; -14] [-2; 10; -15] [-2; 8; -20] 
-1: [-1; -5; 6] [-1; 9; -11] [-1; 14; 18] 
1: [1; -16; -18] [1; -4; -8] [1; 3; -12] [1; 3; -19] 
3: [3; -9; -15] [3; -9; 13] [3; 10; -20] [1; 3; -12] [1; 3; -19] 
4: [4; -13; -20] [4; 9; -20] 
5: [5; -8; -19] [-3; 5; 10] [5; 13; -18] [-3; 5; 9] 
6: [6; 14; -17] [6; -15; -16] [-1; -5; 6] [6; 9; -16] [6; -11; 17] [-5; 6; -19] 
8: [-7; 8; 13] [-2; 8; -20] [8; 14; -18] 
9: [6; 9; -16] [-1; 9; -11] [4; 9; -20] [-3; 5; 9] 
10: [10; -14; -19] [-7; 10; -17] [3; 10; -20] [-3; 5; 10] [-2; 10; -15] 
13: [-7; 13; 17] [-3; -12; 13] [3; -9; 13] [-7; 8; 13] [5; 13; -18] 
14: [6; 14; -17] [-1; 14; 18] [8; 14; -18] 
17: [-7; 13; 17] [-11; 17; -19] [6; -11; 17] [-8; -13; 17] 
18: [-1; 14; 18] 
19: [-12; -16; 19] 

Extraction:
6: [-7; 13; 17]
28: [-7; -17; -19]
30: [-7; 10; -17]
45: [-7; 8; 13]

New map:
-20: [4; -13; -20] [4; 9; -20] [3; 10; -20] [-2; 8; -20] [-10; -14; -20] 
-19: [7; -16; -19] [10; -14; -19] [-11; 17; -19] [5; -8; -19] [1; 3; -19] [-5; 6; -19] 
-18: [1; -16; -18] [-10; -15; -18] [-12; -16; -18] [5; 13; -18] [8; 14; -18] 
-17: [6; 14; -17] 
-16: [6; -15; -16] [7; -16; -19] [6; 9; -16] [1; -16; -18] [-12; -16; 19] [-12; -16; -18] 
-15: [3; -9; -15] [-4; -12; -15] [6; -15; -16] [-10; -15; -18] [-2; 10; -15] 
-14: [-2; -13; -14] [10; -14; -19] [-10; -14; -20] 
-13: [-2; -13; -14] [4; -13; -20] [-8; -13; 17] 
-12: [-4; -12; -15] [-3; -12; 13] [-12; -16; 19] [-12; -16; -18] [1; 3; -12] [7; -11; -12] 
-11: [-11; 17; -19] [-1; 9; -11] [6; -11; 17] [7; -11; -12] 
-10: [-10; -15; -18] [-10; -14; -20] 
-9: [3; -9; -15] [3; -9; 13] 
-8: [5; -8; -19] [1; -4; -8] [-8; -13; 17] 
-6: [-6; 7; 19] 
-5: [-1; -5; 6] [-5; 6; -19] 
-4: [-4; -12; -15] [1; -4; -8] 
-3: [-3; -12; 13] [-3; 5; 10] [-3; 5; 9] 
-2: [-2; -13; -14] [-2; 10; -15] [-2; 8; -20] 
-1: [-1; -5; 6] [-1; 9; -11] [-1; 14; 18] 
1: [1; -16; -18] [1; -4; -8] [1; 3; -12] [1; 3; -19] 
3: [3; -9; -15] [3; -9; 13] [3; 10; -20] [1; 3; -12] [1; 3; -19] 
4: [4; -13; -20] [4; 9; -20] 
5: [5; -8; -19] [5; 7; 8] [-3; 5; 10] [5; 13; -18] [-3; 5; 9] 
6: [6; 14; -17] [6; -15; -16] [-1; -5; 6] [6; 9; -16] [6; -11; 17] [-5; 6; -19] 
7: [7; -16; -19] [-6; 7; 19] [5; 7; 8] [7; -11; -12] 
8: [5; 7; 8] [-2; 8; -20] [8; 14; -18] 
9: [6; 9; -16] [-1; 9; -11] [4; 9; -20] [-3; 5; 9] 
10: [10; -14; -19] [3; 10; -20] [-3; 5; 10] [-2; 10; -15] 
13: [-3; -12; 13] [3; -9; 13] [5; 13; -18] 
14: [6; 14; -17] [-1; 14; 18] [8; 14; -18] 
17: [-11; 17; -19] [6; -11; 17] [-8; -13; 17] 
18: [-1; 14; 18] 
19: [-6; 7; 19] [-12; -16; 19] 

Order: 3 19 10 9 13 1 14 6 11 12 5 18 17 8 2 4 

Order: 3 19 10 9 13 1 14 6 11 12 5 18 17 8 2 4 

Gamble: 7
Assignment: 0 0 0 0 0 0 7 0 0 0 0 0 0 0 15 16 0 0 0 20 

WLit choose: 7
Flush: [7][15][16][20]
Order: 3 19 10 9 13 1 14 6 11 12 5 18 17 8 2 4 

Extraction:
0: [3; -9; -15]
36: [3; -9; 13]
40: [3; 10; -20]
49: [1; 3; -12]
51: [1; 3; -19]

New map:
-20: [4; -13; -20] [4; 9; -20] [-2; 8; -20] [-10; -14; -20] 
-19: [10; -14; -19] [-11; 17; -19] [5; -8; -19] [-7; -17; -19] [-5; 6; -19] 
-18: [1; -16; -18] [-10; -15; -18] [-12; -16; -18] [5; 13; -18] [8; 14; -18] 
-17: [6; 14; -17] [-7; -17; -19] [-7; 10; -17] 
-16: [6; -15; -16] [6; 9; -16] [1; -16; -18] [-12; -16; 19] [-12; -16; -18] 
-15: [-4; -12; -15] [6; -15; -16] [-10; -15; -18] [-2; 10; -15] 
-14: [-2; -13; -14] [10; -14; -19] [-10; -14; -20] 
-13: [-2; -13; -14] [4; -13; -20] [-8; -13; 17] 
-12: [-4; -12; -15] [-3; -12; 13] [-12; -16; 19] [-12; -16; -18] 
-11: [-11; 17; -19] [-1; 9; -11] [6; -11; 17] 
-10: [-10; -15; -18] [-10; -14; -20] 
-8: [5; -8; -19] [1; -4; -8] [-8; -13; 17] 
-7: [-7; 13; 17] [-7; -17; -19] [-7; 10; -17] [-7; 8; 13] 
-5: [-1; -5; 6] [-5; 6; -19] 
-4: [-4; -12; -15] [1; -4; -8] 
-3: [-3; -12; 13] [-3; 5; 10] [-3; 5; 9] 
-2: [-2; -13; -14] [-2; 10; -15] [-2; 8; -20] 
-1: [-1; -5; 6] [-1; 9; -11] [-1; 14; 18] 
1: [1; -16; -18] [1; -4; -8] 
4: [4; -13; -20] [4; 9; -20] 
5: [5; -8; -19] [-3; 5; 10] [5; 13; -18] [-3; 5; 9] 
6: [6; 14; -17] [6; -15; -16] [-1; -5; 6] [6; 9; -16] [6; -11; 17] [-5; 6; -19] 
8: [-7; 8; 13] [-2; 8; -20] [8; 14; -18] 
9: [6; 9; -16] [-1; 9; -11] [4; 9; -20] [-3; 5; 9] 
10: [10; -14; -19] [-7; 10; -17] [-3; 5; 10] [-2; 10; -15] 
13: [-7; 13; 17] [-3; -12; 13] [-7; 8; 13] [5; 13; -18] 
14: [6; 14; -17] [-1; 14; 18] [8; 14; -18] 
17: [-7; 13; 17] [-11; 17; -19] [6; -11; 17] [-8; -13; 17] 
18: [-1; 14; 18] 
19: [-12; -16; 19] 

Extraction:
27: [-3; -12; 13]
44: [-3; 5; 10]
58: [-3; 5; 9]

New map:
-20: [4; -13; -20] [4; 9; -20] [3; 10; -20] [-2; 8; -20] [-10; -14; -20] 
-19: [10; -14; -19] [-11; 17; -19] [5; -8; -19] [-7; -17; -19] [1; 3; -19] [-5; 6; -19] 
-18: [1; -16; -18] [-10; -15; -18] [-12; -16; -18] [5; 13; -18] [8; 14; -18] 
-17: [6; 14; -17] [-7; -17; -19] [-7; 10; -17] 
-16: [6; -15; -16] [6; 9; -16] [1; -16; -18] [-12; -16; 19] [-12; -16; -18] 
-15: [3; -9; -15] [-4; -12; -15] [6; -15; -16] [-10; -15; -18] [-2; 10; -15] 
-14: [-2; -13; -14] [10; -14; -19] [-10; -14; -20] 
-13: [-2; -13; -14] [4; -13; -20] [-8; -13; 17] 
-12: [-4; -12; -15] [-12; -16; 19] [-12; -16; -18] [1; 3; -12] 
-11: [-11; 17; -19] [-1; 9; -11] [6; -11; 17] 
-10: [-10; -15; -18] [-10; -14; -20] 
-9: [3; -9; -15] [3; -9; 13] 
-8: [5; -8; -19] [1; -4; -8] [-8; -13; 17] 
-7: [-7; 13; 17] [-7; -17; -19] [-7; 10; -17] [-7; 8; 13] 
-5: [-1; -5; 6] [-5; 6; -19] 
-4: [-4; -12; -15] [1; -4; -8] 
-2: [-2; -13; -14] [-2; 10; -15] [-2; 8; -20] 
-1: [-1; -5; 6] [-1; 9; -11] [-1; 14; 18] 
1: [1; -16; -18] [1; -4; -8] [1; 3; -12] [1; 3; -19] 
3: [3; -9; -15] [3; -9; 13] [3; 10; -20] [1; 3; -12] [1; 3; -19] 
4: [4; -13; -20] [4; 9; -20] 
5: [5; -8; -19] [5; 13; -18] 
6: [6; 14; -17] [6; -15; -16] [-1; -5; 6] [6; 9; -16] [6; -11; 17] [-5; 6; -19] 
8: [-7; 8; 13] [-2; 8; -20] [8; 14; -18] 
9: [6; 9; -16] [-1; 9; -11] [4; 9; -20] 
10: [10; -14; -19] [-7; 10; -17] [3; 10; -20] [-2; 10; -15] 
13: [-7; 13; 17] [3; -9; 13] [-7; 8; 13] [5; 13; -18] 
14: [6; 14; -17] [-1; 14; 18] [8; 14; -18] 
17: [-7; 13; 17] [-11; 17; -19] [6; -11; 17] [-8; -13; 17] 
18: [-1; 14; 18] 
19: [-12; -16; 19] 

Order: 19 10 9 13 1 14 6 11 12 5 18 17 8 2 4 

Order: 19 10 9 13 1 14 6 11 12 5 18 17 8 2 4 

Gamble: 3
Assignment: 0 0 3 0 0 0 7 0 0 0 0 0 0 0 15 16 0 0 0 20 

WLit choose: 3
Flush: [3][7][15][16][20]
Order: 19 10 9 13 1 14 6 11 12 5 18 17 8 2 4 

Extraction:
43: [-12; -16; 19]

New map:
-20: [4; -13; -20] [4; 9; -20] [-2; 8; -20] [-10; -14; -20] 
-19: [10; -14; -19] [-11; 17; -19] [5; -8; -19] [-7; -17; -19] [-5; 6; -19] 
-18: [1; -16; -18] [-10; -15; -18] [-12; -16; -18] [5; 13; -18] [8; 14; -18] 
-17: [6; 14; -17] [-7; -17; -19] [-7; 10; -17] 
-16: [6; -15; -16] [6; 9; -16] [1; -16; -18] [-12; -16; -18] 
-15: [-4; -12; -15] [6; -15; -16] [-10; -15; -18] [-2; 10; -15] 
-14: [-2; -13; -14] [10; -14; -19] [-10; -14; -20] 
-13: [-2; -13; -14] [4; -13; -20] [-8; -13; 17] 
-12: [-4; -12; -15] [-3; -12; 13] [-12; -16; -18] 
-11: [-11; 17; -19] [-1; 9; -11] [6; -11; 17] 
-10: [-10; -15; -18] [-10; -14; -20] 
-8: [5; -8; -19] [1; -4; -8] [-8; -13; 17] 
-7: [-7; 13; 17] [-7; -17; -19] [-7; 10; -17] [-7; 8; 13] 
-5: [-1; -5; 6] [-5; 6; -19] 
-4: [-4; -12; -15] [1; -4; -8] 
-3: [-3; -12; 13] [-3; 5; 10] [-3; 5; 9] 
-2: [-2; -13; -14] [-2; 10; -15] [-2; 8; -20] 
-1: [-1; -5; 6] [-1; 9; -11] [-1; 14; 18] 
1: [1; -16; -18] [1; -4; -8] 
4: [4; -13; -20] [4; 9; -20] 
5: [5; -8; -19] [-3; 5; 10] [5; 13; -18] [-3; 5; 9] 
6: [6; 14; -17] [6; -15; -16] [-1; -5; 6] [6; 9; -16] [6; -11; 17] [-5; 6; -19] 
8: [-7; 8; 13] [-2; 8; -20] [8; 14; -18] 
9: [6; 9; -16] [-1; 9; -11] [4; 9; -20] [-3; 5; 9] 
10: [10; -14; -19] [-7; 10; -17] [-3; 5; 10] [-2; 10; -15] 
13: [-7; 13; 17] [-3; -12; 13] [-7; 8; 13] [5; 13; -18] 
14: [6; 14; -17] [-1; 14; 18] [8; 14; -18] 
17: [-7; 13; 17] [-11; 17; -19] [6; -11; 17] [-8; -13; 17] 
18: [-1; 14; 18] 

Extraction:
16: [10; -14; -19]
21: [-11; 17; -19]
25: [5; -8; -19]
28: [-7; -17; -19]
52: [-5; 6; -19]

New map:
-20: [4; -13; -20] [4; 9; -20] [-2; 8; -20] [-10; -14; -20] 
-18: [1; -16; -18] [-10; -15; -18] [-12; -16; -18] [5; 13; -18] [8; 14; -18] 
-17: [6; 14; -17] [-7; 10; -17] 
-16: [6; -15; -16] [6; 9; -16] [1; -16; -18] [-12; -16; 19] [-12; -16; -18] 
-15: [-4; -12; -15] [6; -15; -16] [-10; -15; -18] [-2; 10; -15] 
-14: [-2; -13; -14] [-10; -14; -20] 
-13: [-2; -13; -14] [4; -13; -20] [-8; -13; 17] 
-12: [-4; -12; -15] [-3; -12; 13] [-12; -16; 19] [-12; -16; -18] 
-11: [-1; 9; -11] [6; -11; 17] 
-10: [-10; -15; -18] [-10; -14; -20] 
-8: [1; -4; -8] [-8; -13; 17] 
-7: [-7; 13; 17] [-7; 10; -17] [-7; 8; 13] 
-5: [-1; -5; 6] 
-4: [-4; -12; -15] [1; -4; -8] 
-3: [-3; -12; 13] [-3; 5; 10] [-3; 5; 9] 
-2: [-2; -13; -14] [-2; 10; -15] [-2; 8; -20] 
-1: [-1; -5; 6] [-1; 9; -11] [-1; 14; 18] 
1: [1; -16; -18] [1; -4; -8] 
4: [4; -13; -20] [4; 9; -20] 
5: [-3; 5; 10] [5; 13; -18] [-3; 5; 9] 
6: [6; 14; -17] [6; -15; -16] [-1; -5; 6] [6; 9; -16] [6; -11; 17] 
8: [-7; 8; 13] [-2; 8; -20] [8; 14; -18] 
9: [6; 9; -16] [-1; 9; -11] [4; 9; -20] [-3; 5; 9] 
10: [-7; 10; -17] [-3; 5; 10] [-2; 10; -15] 
13: [-7; 13; 17] [-3; -12; 13] [-7; 8; 13] [5; 13; -18] 
14: [6; 14; -17] [-1; 14; 18] [8; 14; -18] 
17: [-7; 13; 17] [6; -11; 17] [-8; -13; 17] 
18: [-1; 14; 18] 
19: [-12; -16; 19] 

Order: 10 9 13 1 14 6 11 12 5 18 17 8 2 4 

Order: 10 9 13 1 14 6 11 12 5 18 17 8 2 4 

Gamble: 19
Assignment: 0 0 3 0 0 0 7 0 0 0 0 0 0 0 15 16 0 0 19 20 

WLit choose: 19
Flush: [19][3][7][15][16][20]
Order: 10 9 13 1 14 6 11 12 5 18 17 8 2 4 

Extraction:
16: [10; -14; -19]
30: [-7; 10; -17]
44: [-3; 5; 10]
46: [-2; 10; -15]

New map:
-20: [4; -13; -20] [4; 9; -20] [-2; 8; -20] [-10; -14; -20] 
-19: [-11; 17; -19] [5; -8; -19] [-7; -17; -19] [-5; 6; -19] 
-18: [1; -16; -18] [-10; -15; -18] [-12; -16; -18] [5; 13; -18] [8; 14; -18] 
-17: [6; 14; -17] [-7; -17; -19] 
-16: [6; -15; -16] [6; 9; -16] [1; -16; -18] [-12; -16; -18] 
-15: [-4; -12; -15] [6; -15; -16] [-10; -15; -18] 
-14: [-2; -13; -14] [-10; -14; -20] 
-13: [-2; -13; -14] [4; -13; -20] [-8; -13; 17] 
-12: [-4; -12; -15] [-3; -12; 13] [-12; -16; -18] 
-11: [-11; 17; -19] [-1; 9; -11] [6; -11; 17] 
-10: [-10; -15; -18] [-10; -14; -20] 
-8: [5; -8; -19] [1; -4; -8] [-8; -13; 17] 
-7: [-7; 13; 17] [-7; -17; -19] [-7; 8; 13] 
-5: [-1; -5; 6] [-5; 6; -19] 
-4: [-4; -12; -15] [1; -4; -8] 
-3: [-3; -12; 13] [-3; 5; 9] 
-2: [-2; -13; -14] [-2; 8; -20] 
-1: [-1; -5; 6] [-1; 9; -11] [-1; 14; 18] 
1: [1; -16; -18] [1; -4; -8] 
4: [4; -13; -20] [4; 9; -20] 
5: [5; -8; -19] [5; 13; -18] [-3; 5; 9] 
6: [6; 14; -17] [6; -15; -16] [-1; -5; 6] [6; 9; -16] [6; -11; 17] [-5; 6; -19] 
8: [-7; 8; 13] [-2; 8; -20] [8; 14; -18] 
9: [6; 9; -16] [-1; 9; -11] [4; 9; -20] [-3; 5; 9] 
13: [-7; 13; 17] [-3; -12; 13] [-7; 8; 13] [5; 13; -18] 
14: [6; 14; -17] [-1; 14; 18] [8; 14; -18] 
17: [-7; 13; 17] [-11; 17; -19] [6; -11; 17] [-8; -13; 17] 
18: [-1; 14; 18] 

Extraction:
39: [-10; -15; -18]
56: [-10; -14; -20]

New map:
-20: [4; -13; -20] [4; 9; -20] [-2; 8; -20] 
-19: [10; -14; -19] [-11; 17; -19] [5; -8; -19] [-7; -17; -19] [-5; 6; -19] 
-18: [1; -16; -18] [-12; -16; -18] [5; 13; -18] [8; 14; -18] 
-17: [6; 14; -17] [-7; -17; -19] [-7; 10; -17] 
-16: [6; -15; -16] [6; 9; -16] [1; -16; -18] [-12; -16; -18] 
-15: [-4; -12; -15] [6; -15; -16] [-2; 10; -15] 
-14: [-2; -13; -14] [10; -14; -19] 
-13: [-2; -13; -14] [4; -13; -20] [-8; -13; 17] 
-12: [-4; -12; -15] [-3; -12; 13] [-12; -16; -18] 
-11: [-11; 17; -19] [-1; 9; -11] [6; -11; 17] 
-8: [5; -8; -19] [1; -4; -8] [-8; -13; 17] 
-7: [-7; 13; 17] [-7; -17; -19] [-7; 10; -17] [-7; 8; 13] 
-5: [-1; -5; 6] [-5; 6; -19] 
-4: [-4; -12; -15] [1; -4; -8] 
-3: [-3; -12; 13] [-3; 5; 10] [-3; 5; 9] 
-2: [-2; -13; -14] [-2; 10; -15] [-2; 8; -20] 
-1: [-1; -5; 6] [-1; 9; -11] [-1; 14; 18] 
1: [1; -16; -18] [1; -4; -8] 
4: [4; -13; -20] [4; 9; -20] 
5: [5; -8; -19] [-3; 5; 10] [5; 13; -18] [-3; 5; 9] 
6: [6; 14; -17] [6; -15; -16] [-1; -5; 6] [6; 9; -16] [6; -11; 17] [-5; 6; -19] 
8: [-7; 8; 13] [-2; 8; -20] [8; 14; -18] 
9: [6; 9; -16] [-1; 9; -11] [4; 9; -20] [-3; 5; 9] 
10: [10; -14; -19] [-7; 10; -17] [-3; 5; 10] [-2; 10; -15] 
13: [-7; 13; 17] [-3; -12; 13] [-7; 8; 13] [5; 13; -18] 
14: [6; 14; -17] [-1; 14; 18] [8; 14; -18] 
17: [-7; 13; 17] [-11; 17; -19] [6; -11; 17] [-8; -13; 17] 
18: [-1; 14; 18] 

Order: 9 13 1 14 6 11 12 5 18 17 8 2 4 

Order: 9 13 1 14 6 11 12 5 18 17 8 2 4 

Gamble: 10
Assignment: 0 0 3 0 0 0 7 0 0 10 0 0 0 0 15 16 0 0 19 20 

WLit choose: 10
Flush: [10][19][3][7][15][16][20]
Order: 9 13 1 14 6 11 12 5 18 17 8 2 4 

Extraction:
22: [6; 9; -16]
24: [-1; 9; -11]
38: [4; 9; -20]
58: [-3; 5; 9]

New map:
-20: [4; -13; -20] [-2; 8; -20] [-10; -14; -20] 
-19: [-11; 17; -19] [5; -8; -19] [-7; -17; -19] [-5; 6; -19] 
-18: [1; -16; -18] [-10; -15; -18] [-12; -16; -18] [5; 13; -18] [8; 14; -18] 
-17: [6; 14; -17] [-7; -17; -19] 
-16: [6; -15; -16] [1; -16; -18] [-12; -16; -18] 
-15: [-4; -12; -15] [6; -15; -16] [-10; -15; -18] 
-14: [-2; -13; -14] [-10; -14; -20] 
-13: [-2; -13; -14] [4; -13; -20] [-8; -13; 17] 
-12: [-4; -12; -15] [-3; -12; 13] [-12; -16; -18] 
-11: [-11; 17; -19] [6; -11; 17] 
-10: [-10; -15; -18] [-10; -14; -20] 
-8: [5; -8; -19] [1; -4; -8] [-8; -13; 17] 
-7: [-7; 13; 17] [-7; -17; -19] [-7; 8; 13] 
-5: [-1; -5; 6] [-5; 6; -19] 
-4: [-4; -12; -15] [1; -4; -8] 
-3: [-3; -12; 13] 
-2: [-2; -13; -14] [-2; 8; -20] 
-1: [-1; -5; 6] [-1; 14; 18] 
1: [1; -16; -18] [1; -4; -8] 
4: [4; -13; -20] 
5: [5; -8; -19] [5; 13; -18] 
6: [6; 14; -17] [6; -15; -16] [-1; -5; 6] [6; -11; 17] [-5; 6; -19] 
8: [-7; 8; 13] [-2; 8; -20] [8; 14; -18] 
13: [-7; 13; 17] [-3; -12; 13] [-7; 8; 13] [5; 13; -18] 
14: [6; 14; -17] [-1; 14; 18] [8; 14; -18] 
17: [-7; 13; 17] [-11; 17; -19] [6; -11; 17] [-8; -13; 17] 
18: [-1; 14; 18] 

Extraction:

New map:
-20: [4; -13; -20] [4; 9; -20] [-2; 8; -20] [-10; -14; -20] 
-19: [-11; 17; -19] [5; -8; -19] [-7; -17; -19] [-5; 6; -19] 
-18: [1; -16; -18] [-10; -15; -18] [-12; -16; -18] [5; 13; -18] [8; 14; -18] 
-17: [6; 14; -17] [-7; -17; -19] 
-16: [6; -15; -16] [6; 9; -16] [1; -16; -18] [-12; -16; -18] 
-15: [-4; -12; -15] [6; -15; -16] [-10; -15; -18] 
-14: [-2; -13; -14] [-10; -14; -20] 
-13: [-2; -13; -14] [4; -13; -20] [-8; -13; 17] 
-12: [-4; -12; -15] [-3; -12; 13] [-12; -16; -18] 
-11: [-11; 17; -19] [-1; 9; -11] [6; -11; 17] 
-10: [-10; -15; -18] [-10; -14; -20] 
-8: [5; -8; -19] [1; -4; -8] [-8; -13; 17] 
-7: [-7; 13; 17] [-7; -17; -19] [-7; 8; 13] 
-5: [-1; -5; 6] [-5; 6; -19] 
-4: [-4; -12; -15] [1; -4; -8] 
-3: [-3; -12; 13] [-3; 5; 9] 
-2: [-2; -13; -14] [-2; 8; -20] 
-1: [-1; -5; 6] [-1; 9; -11] [-1; 14; 18] 
1: [1; -16; -18] [1; -4; -8] 
4: [4; -13; -20] [4; 9; -20] 
5: [5; -8; -19] [5; 13; -18] [-3; 5; 9] 
6: [6; 14; -17] [6; -15; -16] [-1; -5; 6] [6; 9; -16] [6; -11; 17] [-5; 6; -19] 
8: [-7; 8; 13] [-2; 8; -20] [8; 14; -18] 
9: [6; 9; -16] [-1; 9; -11] [4; 9; -20] [-3; 5; 9] 
13: [-7; 13; 17] [-3; -12; 13] [-7; 8; 13] [5; 13; -18] 
14: [6; 14; -17] [-1; 14; 18] [8; 14; -18] 
17: [-7; 13; 17] [-11; 17; -19] [6; -11; 17] [-8; -13; 17] 
18: [-1; 14; 18] 

Order: 13 1 14 6 11 12 5 18 17 8 2 4 

Order: 13 1 14 6 11 12 5 18 17 8 2 4 

Gamble: 9
Assignment: 0 0 3 0 0 0 7 0 9 10 0 0 0 0 15 16 0 0 19 20 

WLit choose: 9
Flush: [9][10][19][3][7][15][16][20]
Order: 13 1 14 6 11 12 5 18 17 8 2 4 

Extraction:
6: [-7; 13; 17]
27: [-3; -12; 13]
45: [-7; 8; 13]
50: [5; 13; -18]

New map:
-20: [4; -13; -20] [-2; 8; -20] [-10; -14; -20] 
-19: [-11; 17; -19] [5; -8; -19] [-7; -17; -19] [-5; 6; -19] 
-18: [1; -16; -18] [-10; -15; -18] [-12; -16; -18] [8; 14; -18] 
-17: [6; 14; -17] [-7; -17; -19] 
-16: [6; -15; -16] [1; -16; -18] [-12; -16; -18] 
-15: [-4; -12; -15] [6; -15; -16] [-10; -15; -18] 
-14: [-2; -13; -14] [-10; -14; -20] 
-13: [-2; -13; -14] [4; -13; -20] [-8; -13; 17] 
-12: [-4; -12; -15] [-12; -16; -18] 
-11: [-11; 17; -19] [6; -11; 17] 
-10: [-10; -15; -18] [-10; -14; -20] 
-8: [5; -8; -19] [1; -4; -8] [-8; -13; 17] 
-7: [-7; -17; -19] 
-5: [-1; -5; 6] [-5; 6; -19] 
-4: [-4; -12; -15] [1; -4; -8] 
-2: [-2; -13; -14] [-2; 8; -20] 
-1: [-1; -5; 6] [-1; 14; 18] 
1: [1; -16; -18] [1; -4; -8] 
4: [4; -13; -20] 
5: [5; -8; -19] 
6: [6; 14; -17] [6; -15; -16] [-1; -5; 6] [6; -11; 17] [-5; 6; -19] 
8: [-2; 8; -20] [8; 14; -18] 
14: [6; 14; -17] [-1; 14; 18] [8; 14; -18] 
17: [-11; 17; -19] [6; -11; 17] [-8; -13; 17] 
18: [-1; 14; 18] 

Extraction:
7: [-2; -13; -14]
10: [4; -13; -20]
54: [-8; -13; 17]

New map:
-20: [-2; 8; -20] [-10; -14; -20] 
-19: [-11; 17; -19] [5; -8; -19] [-7; -17; -19] [-5; 6; -19] 
-18: [1; -16; -18] [-10; -15; -18] [-12; -16; -18] [5; 13; -18] [8; 14; -18] 
-17: [6; 14; -17] [-7; -17; -19] 
-16: [6; -15; -16] [1; -16; -18] [-12; -16; -18] 
-15: [-4; -12; -15] [6; -15; -16] [-10; -15; -18] 
-14: [-10; -14; -20] 
-12: [-4; -12; -15] [-3; -12; 13] [-12; -16; -18] 
-11: [-11; 17; -19] [6; -11; 17] 
-10: [-10; -15; -18] [-10; -14; -20] 
-8: [5; -8; -19] [1; -4; -8] 
-7: [-7; 13; 17] [-7; -17; -19] [-7; 8; 13] 
-5: [-1; -5; 6] [-5; 6; -19] 
-4: [-4; -12; -15] [1; -4; -8] 
-3: [-3; -12; 13] 
-2: [-2; 8; -20] 
-1: [-1; -5; 6] [-1; 14; 18] 
1: [1; -16; -18] [1; -4; -8] 
5: [5; -8; -19] [5; 13; -18] 
6: [6; 14; -17] [6; -15; -16] [-1; -5; 6] [6; -11; 17] [-5; 6; -19] 
8: [-7; 8; 13] [-2; 8; -20] [8; 14; -18] 
13: [-7; 13; 17] [-3; -12; 13] [-7; 8; 13] [5; 13; -18] 
14: [6; 14; -17] [-1; 14; 18] [8; 14; -18] 
17: [-7; 13; 17] [-11; 17; -19] [6; -11; 17] 
18: [-1; 14; 18] 

Order: 1 14 6 11 12 5 18 17 8 2 4 

Order: 1 14 6 11 12 5 18 17 8 2 4 

Gamble: 13
Assignment: 0 0 3 0 0 0 7 0 9 10 0 0 13 0 15 16 0 0 19 20 

WLit choose: 13
Flush: [13][9][10][19][3][7][15][16][20]
Order: 1 14 6 11 12 5 18 17 8 2 4 

Extraction:
32: [1; -16; -18]
35: [1; -4; -8]

New map:
-20: [4; -13; -20] [-2; 8; -20] [-10; -14; -20] 
-19: [-11; 17; -19] [5; -8; -19] [-7; -17; -19] [-5; 6; -19] 
-18: [-10; -15; -18] [-12; -16; -18] [8; 14; -18] 
-17: [6; 14; -17] [-7; -17; -19] 
-16: [6; -15; -16] [-12; -16; -18] 
-15: [-4; -12; -15] [6; -15; -16] [-10; -15; -18] 
-14: [-2; -13; -14] [-10; -14; -20] 
-13: [-2; -13; -14] [4; -13; -20] [-8; -13; 17] 
-12: [-4; -12; -15] [-12; -16; -18] 
-11: [-11; 17; -19] [6; -11; 17] 
-10: [-10; -15; -18] [-10; -14; -20] 
-8: [5; -8; -19] [-8; -13; 17] 
-7: [-7; -17; -19] 
-5: [-1; -5; 6] [-5; 6; -19] 
-4: [-4; -12; -15] 
-2: [-2; -13; -14] [-2; 8; -20] 
-1: [-1; -5; 6] [-1; 14; 18] 
4: [4; -13; -20] 
5: [5; -8; -19] 
6: [6; 14; -17] [6; -15; -16] [-1; -5; 6] [6; -11; 17] [-5; 6; -19] 
8: [-2; 8; -20] [8; 14; -18] 
14: [6; 14; -17] [-1; 14; 18] [8; 14; -18] 
17: [-11; 17; -19] [6; -11; 17] [-8; -13; 17] 
18: [-1; 14; 18] 

Extraction:
18: [-1; -5; 6]
34: [-1; 14; 18]

New map:
-20: [4; -13; -20] [-2; 8; -20] [-10; -14; -20] 
-19: [-11; 17; -19] [5; -8; -19] [-7; -17; -19] [-5; 6; -19] 
-18: [1; -16; -18] [-10; -15; -18] [-12; -16; -18] [8; 14; -18] 
-17: [6; 14; -17] [-7; -17; -19] 
-16: [6; -15; -16] [1; -16; -18] [-12; -16; -18] 
-15: [-4; -12; -15] [6; -15; -16] [-10; -15; -18] 
-14: [-2; -13; -14] [-10; -14; -20] 
-13: [-2; -13; -14] [4; -13; -20] [-8; -13; 17] 
-12: [-4; -12; -15] [-12; -16; -18] 
-11: [-11; 17; -19] [6; -11; 17] 
-10: [-10; -15; -18] [-10; -14; -20] 
-8: [5; -8; -19] [1; -4; -8] [-8; -13; 17] 
-7: [-7; -17; -19] 
-5: [-5; 6; -19] 
-4: [-4; -12; -15] [1; -4; -8] 
-2: [-2; -13; -14] [-2; 8; -20] 
1: [1; -16; -18] [1; -4; -8] 
4: [4; -13; -20] 
5: [5; -8; -19] 
6: [6; 14; -17] [6; -15; -16] [6; -11; 17] [-5; 6; -19] 
8: [-2; 8; -20] [8; 14; -18] 
14: [6; 14; -17] [8; 14; -18] 
17: [-11; 17; -19] [6; -11; 17] [-8; -13; 17] 

Order: 14 6 11 12 5 18 17 8 2 4 

Order: 14 6 11 12 5 18 17 8 2 4 

Gamble: 1
Assignment: 1 0 3 0 0 0 7 0 9 10 0 0 13 0 15 16 0 0 19 20 

WLit choose: 1
Flush: [1][13][9][10][19][3][7][15][16][20]
Order: 14 6 11 12 5 18 17 8 2 4 

Extraction:
2: [6; 14; -17]
34: [-1; 14; 18]
59: [8; 14; -18]

New map:
-20: [4; -13; -20] [-2; 8; -20] [-10; -14; -20] 
-19: [-11; 17; -19] [5; -8; -19] [-7; -17; -19] [-5; 6; -19] 
-18: [-10; -15; -18] [-12; -16; -18] 
-17: [-7; -17; -19] 
-16: [6; -15; -16] [-12; -16; -18] 
-15: [-4; -12; -15] [6; -15; -16] [-10; -15; -18] 
-14: [-2; -13; -14] [-10; -14; -20] 
-13: [-2; -13; -14] [4; -13; -20] [-8; -13; 17] 
-12: [-4; -12; -15] [-12; -16; -18] 
-11: [-11; 17; -19] [6; -11; 17] 
-10: [-10; -15; -18] [-10; -14; -20] 
-8: [5; -8; -19] [-8; -13; 17] 
-7: [-7; -17; -19] 
-5: [-1; -5; 6] [-5; 6; -19] 
-4: [-4; -12; -15] 
-2: [-2; -13; -14] [-2; 8; -20] 
-1: [-1; -5; 6] 
4: [4; -13; -20] 
5: [5; -8; -19] 
6: [6; -15; -16] [-1; -5; 6] [6; -11; 17] [-5; 6; -19] 
8: [-2; 8; -20] 
17: [-11; 17; -19] [6; -11; 17] [-8; -13; 17] 

Extraction:
7: [-2; -13; -14]
56: [-10; -14; -20]

New map:
-20: [4; -13; -20] [-2; 8; -20] 
-19: [-11; 17; -19] [5; -8; -19] [-7; -17; -19] [-5; 6; -19] 
-18: [-10; -15; -18] [-12; -16; -18] [8; 14; -18] 
-17: [6; 14; -17] [-7; -17; -19] 
-16: [6; -15; -16] [-12; -16; -18] 
-15: [-4; -12; -15] [6; -15; -16] [-10; -15; -18] 
-13: [4; -13; -20] [-8; -13; 17] 
-12: [-4; -12; -15] [-12; -16; -18] 
-11: [-11; 17; -19] [6; -11; 17] 
-10: [-10; -15; -18] 
-8: [5; -8; -19] [-8; -13; 17] 
-7: [-7; -17; -19] 
-5: [-1; -5; 6] [-5; 6; -19] 
-4: [-4; -12; -15] 
-2: [-2; 8; -20] 
-1: [-1; -5; 6] [-1; 14; 18] 
4: [4; -13; -20] 
5: [5; -8; -19] 
6: [6; 14; -17] [6; -15; -16] [-1; -5; 6] [6; -11; 17] [-5; 6; -19] 
8: [-2; 8; -20] [8; 14; -18] 
14: [6; 14; -17] [-1; 14; 18] [8; 14; -18] 
17: [-11; 17; -19] [6; -11; 17] [-8; -13; 17] 
18: [-1; 14; 18] 

Order: 6 11 12 5 18 17 8 2 4 

Order: 6 11 12 5 18 17 8 2 4 

Gamble: 14
Assignment: 1 0 3 0 0 0 7 0 9 10 0 0 13 14 15 16 0 0 19 20 

WLit choose: 14
Flush: [14][1][13][9][10][19][3][7][15][16][20]
Order: 6 11 12 5 18 17 8 2 4 

Extraction:
12: [6; -15; -16]
18: [-1; -5; 6]
29: [6; -11; 17]
52: [-5; 6; -19]

New map:
-20: [4; -13; -20] [-2; 8; -20] [-10; -14; -20] 
-19: [-11; 17; -19] [5; -8; -19] [-7; -17; -19] 
-18: [-10; -15; -18] [-12; -16; -18] 
-17: [-7; -17; -19] 
-16: [-12; -16; -18] 
-15: [-4; -12; -15] [-10; -15; -18] 
-14: [-2; -13; -14] [-10; -14; -20] 
-13: [-2; -13; -14] [4; -13; -20] [-8; -13; 17] 
-12: [-4; -12; -15] [-12; -16; -18] 
-11: [-11; 17; -19] 
-10: [-10; -15; -18] [-10; -14; -20] 
-8: [5; -8; -19] [-8; -13; 17] 
-7: [-7; -17; -19] 
-4: [-4; -12; -15] 
-2: [-2; -13; -14] [-2; 8; -20] 
4: [4; -13; -20] 
5: [5; -8; -19] 
8: [-2; 8; -20] 
17: [-11; 17; -19] [-8; -13; 17] 

Extraction:

New map:
-20: [4; -13; -20] [-2; 8; -20] [-10; -14; -20] 
-19: [-11; 17; -19] [5; -8; -19] [-7; -17; -19] [-5; 6; -19] 
-18: [-10; -15; -18] [-12; -16; -18] 
-17: [-7; -17; -19] 
-16: [6; -15; -16] [-12; -16; -18] 
-15: [-4; -12; -15] [6; -15; -16] [-10; -15; -18] 
-14: [-2; -13; -14] [-10; -14; -20] 
-13: [-2; -13; -14] [4; -13; -20] [-8; -13; 17] 
-12: [-4; -12; -15] [-12; -16; -18] 
-11: [-11; 17; -19] [6; -11; 17] 
-10: [-10; -15; -18] [-10; -14; -20] 
-8: [5; -8; -19] [-8; -13; 17] 
-7: [-7; -17; -19] 
-5: [-1; -5; 6] [-5; 6; -19] 
-4: [-4; -12; -15] 
-2: [-2; -13; -14] [-2; 8; -20] 
-1: [-1; -5; 6] 
4: [4; -13; -20] 
5: [5; -8; -19] 
6: [6; -15; -16] [-1; -5; 6] [6; -11; 17] [-5; 6; -19] 
8: [-2; 8; -20] 
17: [-11; 17; -19] [6; -11; 17] [-8; -13; 17] 

Order: 11 12 5 18 17 8 2 4 

Order: 11 12 5 18 17 8 2 4 

Gamble: 6
Assignment: 1 0 3 0 0 6 7 0 9 10 0 0 13 14 15 16 0 0 19 20 

WLit choose: 6
Flush: [6][14][1][13][9][10][19][3][7][15][16][20]
Order: 11 12 5 18 17 8 2 4 

Extraction:

New map:
-20: [4; -13; -20] [-2; 8; -20] [-10; -14; -20] 
-19: [-11; 17; -19] [5; -8; -19] [-7; -17; -19] 
-18: [-10; -15; -18] [-12; -16; -18] 
-17: [-7; -17; -19] 
-16: [-12; -16; -18] 
-15: [-4; -12; -15] [-10; -15; -18] 
-14: [-2; -13; -14] [-10; -14; -20] 
-13: [-2; -13; -14] [4; -13; -20] [-8; -13; 17] 
-12: [-4; -12; -15] [-12; -16; -18] 
-11: [-11; 17; -19] 
-10: [-10; -15; -18] [-10; -14; -20] 
-8: [5; -8; -19] [-8; -13; 17] 
-7: [-7; -17; -19] 
-4: [-4; -12; -15] 
-2: [-2; -13; -14] [-2; 8; -20] 
4: [4; -13; -20] 
5: [5; -8; -19] 
8: [-2; 8; -20] 
17: [-11; 17; -19] [-8; -13; 17] 

Extraction:
21: [-11; 17; -19]

New map:
-20: [4; -13; -20] [-2; 8; -20] [-10; -14; -20] 
-19: [5; -8; -19] [-7; -17; -19] 
-18: [-10; -15; -18] [-12; -16; -18] 
-17: [-7; -17; -19] 
-16: [-12; -16; -18] 
-15: [-4; -12; -15] [-10; -15; -18] 
-14: [-2; -13; -14] [-10; -14; -20] 
-13: [-2; -13; -14] [4; -13; -20] [-8; -13; 17] 
-12: [-4; -12; -15] [-12; -16; -18] 
-10: [-10; -15; -18] [-10; -14; -20] 
-8: [5; -8; -19] [-8; -13; 17] 
-7: [-7; -17; -19] 
-4: [-4; -12; -15] 
-2: [-2; -13; -14] [-2; 8; -20] 
4: [4; -13; -20] 
5: [5; -8; -19] 
8: [-2; 8; -20] 
17: [-8; -13; 17] 

Order: 12 5 18 17 8 2 4 

Order: 12 5 18 17 8 2 4 

Gamble: 11
Assignment: 1 0 3 0 0 6 7 0 9 10 11 0 13 14 15 16 0 0 19 20 

WLit choose: 11
Flush: [11][6][14][1][13][9][10][19][3][7][15][16][20]
Order: 12 5 18 17 8 2 4 

Extraction:

New map:
-20: [4; -13; -20] [-2; 8; -20] [-10; -14; -20] 
-19: [-11; 17; -19] [5; -8; -19] [-7; -17; -19] 
-18: [-10; -15; -18] [-12; -16; -18] 
-17: [-7; -17; -19] 
-16: [-12; -16; -18] 
-15: [-4; -12; -15] [-10; -15; -18] 
-14: [-2; -13; -14] [-10; -14; -20] 
-13: [-2; -13; -14] [4; -13; -20] [-8; -13; 17] 
-12: [-4; -12; -15] [-12; -16; -18] 
-11: [-11; 17; -19] 
-10: [-10; -15; -18] [-10; -14; -20] 
-8: [5; -8; -19] [-8; -13; 17] 
-7: [-7; -17; -19] 
-4: [-4; -12; -15] 
-2: [-2; -13; -14] [-2; 8; -20] 
4: [4; -13; -20] 
5: [5; -8; -19] 
8: [-2; 8; -20] 
17: [-11; 17; -19] [-8; -13; 17] 

Extraction:
1: [-4; -12; -15]
48: [-12; -16; -18]

New map:
-20: [4; -13; -20] [-2; 8; -20] [-10; -14; -20] 
-19: [-11; 17; -19] [5; -8; -19] [-7; -17; -19] 
-18: [-10; -15; -18] 
-17: [-7; -17; -19] 
-15: [-10; -15; -18] 
-14: [-2; -13; -14] [-10; -14; -20] 
-13: [-2; -13; -14] [4; -13; -20] [-8; -13; 17] 
-11: [-11; 17; -19] 
-10: [-10; -15; -18] [-10; -14; -20] 
-8: [5; -8; -19] [-8; -13; 17] 
-7: [-7; -17; -19] 
-2: [-2; -13; -14] [-2; 8; -20] 
4: [4; -13; -20] 
5: [5; -8; -19] 
8: [-2; 8; -20] 
17: [-11; 17; -19] [-8; -13; 17] 

Order: 5 18 17 8 2 4 

Order: 5 18 17 8 2 4 

Gamble: 12
Assignment: 1 0 3 0 0 6 7 0 9 10 11 12 13 14 15 16 0 0 19 20 

WLit choose: 12
Flush: [12][11][6][14][1][13][9][10][19][3][7][15][16][20]
Order: 5 18 17 8 2 4 

Extraction:
25: [5; -8; -19]

New map:
-20: [4; -13; -20] [-2; 8; -20] [-10; -14; -20] 
-19: [-11; 17; -19] [-7; -17; -19] 
-18: [-10; -15; -18] [-12; -16; -18] 
-17: [-7; -17; -19] 
-16: [-12; -16; -18] 
-15: [-4; -12; -15] [-10; -15; -18] 
-14: [-2; -13; -14] [-10; -14; -20] 
-13: [-2; -13; -14] [4; -13; -20] [-8; -13; 17] 
-12: [-4; -12; -15] [-12; -16; -18] 
-11: [-11; 17; -19] 
-10: [-10; -15; -18] [-10; -14; -20] 
-8: [-8; -13; 17] 
-7: [-7; -17; -19] 
-4: [-4; -12; -15] 
-2: [-2; -13; -14] [-2; 8; -20] 
4: [4; -13; -20] 
8: [-2; 8; -20] 
17: [-11; 17; -19] [-8; -13; 17] 

Extraction:

New map:
-20: [4; -13; -20] [-2; 8; -20] [-10; -14; -20] 
-19: [-11; 17; -19] [5; -8; -19] [-7; -17; -19] 
-18: [-10; -15; -18] [-12; -16; -18] 
-17: [-7; -17; -19] 
-16: [-12; -16; -18] 
-15: [-4; -12; -15] [-10; -15; -18] 
-14: [-2; -13; -14] [-10; -14; -20] 
-13: [-2; -13; -14] [4; -13; -20] [-8; -13; 17] 
-12: [-4; -12; -15] [-12; -16; -18] 
-11: [-11; 17; -19] 
-10: [-10; -15; -18] [-10; -14; -20] 
-8: [5; -8; -19] [-8; -13; 17] 
-7: [-7; -17; -19] 
-4: [-4; -12; -15] 
-2: [-2; -13; -14] [-2; 8; -20] 
4: [4; -13; -20] 
5: [5; -8; -19] 
8: [-2; 8; -20] 
17: [-11; 17; -19] [-8; -13; 17] 

Order: 18 17 8 2 4 

Order: 18 17 8 2 4 

Gamble: 5
Assignment: 1 0 3 0 5 6 7 0 9 10 11 12 13 14 15 16 0 0 19 20 

WLit choose: 5
Flush: [5][12][11][6][14][1][13][9][10][19][3][7][15][16][20]
Order: 18 17 8 2 4 

Extraction:

New map:
-20: [4; -13; -20] [-2; 8; -20] [-10; -14; -20] 
-19: [-11; 17; -19] [-7; -17; -19] 
-18: [-10; -15; -18] [-12; -16; -18] 
-17: [-7; -17; -19] 
-16: [-12; -16; -18] 
-15: [-4; -12; -15] [-10; -15; -18] 
-14: [-2; -13; -14] [-10; -14; -20] 
-13: [-2; -13; -14] [4; -13; -20] [-8; -13; 17] 
-12: [-4; -12; -15] [-12; -16; -18] 
-11: [-11; 17; -19] 
-10: [-10; -15; -18] [-10; -14; -20] 
-8: [-8; -13; 17] 
-7: [-7; -17; -19] 
-4: [-4; -12; -15] 
-2: [-2; -13; -14] [-2; 8; -20] 
4: [4; -13; -20] 
8: [-2; 8; -20] 
17: [-11; 17; -19] [-8; -13; 17] 

Extraction:
39: [-10; -15; -18]
48: [-12; -16; -18]

New map:
-20: [4; -13; -20] [-2; 8; -20] [-10; -14; -20] 
-19: [-11; 17; -19] [-7; -17; -19] 
-17: [-7; -17; -19] 
-15: [-4; -12; -15] 
-14: [-2; -13; -14] [-10; -14; -20] 
-13: [-2; -13; -14] [4; -13; -20] [-8; -13; 17] 
-12: [-4; -12; -15] 
-11: [-11; 17; -19] 
-10: [-10; -14; -20] 
-8: [-8; -13; 17] 
-7: [-7; -17; -19] 
-4: [-4; -12; -15] 
-2: [-2; -13; -14] [-2; 8; -20] 
4: [4; -13; -20] 
8: [-2; 8; -20] 
17: [-11; 17; -19] [-8; -13; 17] 

Order: 17 8 2 4 

Order: 17 8 2 4 

Gamble: 18
Assignment: 1 0 3 0 5 6 7 0 9 10 11 12 13 14 15 16 0 18 19 20 

WLit choose: 18
Flush: [18][5][12][11][6][14][1][13][9][10][19][3][7][15][16][20]
Order: 17 8 2 4 

Extraction:
21: [-11; 17; -19]
54: [-8; -13; 17]

New map:
-20: [4; -13; -20] [-2; 8; -20] [-10; -14; -20] 
-19: [-7; -17; -19] 
-18: [-10; -15; -18] [-12; -16; -18] 
-17: [-7; -17; -19] 
-16: [-12; -16; -18] 
-15: [-4; -12; -15] [-10; -15; -18] 
-14: [-2; -13; -14] [-10; -14; -20] 
-13: [-2; -13; -14] [4; -13; -20] 
-12: [-4; -12; -15] [-12; -16; -18] 
-10: [-10; -15; -18] [-10; -14; -20] 
-7: [-7; -17; -19] 
-4: [-4; -12; -15] 
-2: [-2; -13; -14] [-2; 8; -20] 
4: [4; -13; -20] 
8: [-2; 8; -20] 

Extraction:
28: [-7; -17; -19]

New map:
-20: [4; -13; -20] [-2; 8; -20] [-10; -14; -20] 
-19: [-11; 17; -19] 
-18: [-10; -15; -18] [-12; -16; -18] 
-16: [-12; -16; -18] 
-15: [-4; -12; -15] [-10; -15; -18] 
-14: [-2; -13; -14] [-10; -14; -20] 
-13: [-2; -13; -14] [4; -13; -20] [-8; -13; 17] 
-12: [-4; -12; -15] [-12; -16; -18] 
-11: [-11; 17; -19] 
-10: [-10; -15; -18] [-10; -14; -20] 
-8: [-8; -13; 17] 
-4: [-4; -12; -15] 
-2: [-2; -13; -14] [-2; 8; -20] 
4: [4; -13; -20] 
8: [-2; 8; -20] 
17: [-11; 17; -19] [-8; -13; 17] 

Order: 8 2 4 

Order: 8 2 4 

Gamble: 17
Assignment: 1 0 3 0 5 6 7 0 9 10 11 12 13 14 15 16 17 18 19 20 

WLit choose: 17
Flush: [17][18][5][12][11][6][14][1][13][9][10][19][3][7][15][16][20]
Order: 8 2 4 

Extraction:
53: [-2; 8; -20]

New map:
-20: [4; -13; -20] [-10; -14; -20] 
-19: [-7; -17; -19] 
-18: [-10; -15; -18] [-12; -16; -18] 
-17: [-7; -17; -19] 
-16: [-12; -16; -18] 
-15: [-4; -12; -15] [-10; -15; -18] 
-14: [-2; -13; -14] [-10; -14; -20] 
-13: [-2; -13; -14] [4; -13; -20] 
-12: [-4; -12; -15] [-12; -16; -18] 
-10: [-10; -15; -18] [-10; -14; -20] 
-7: [-7; -17; -19] 
-4: [-4; -12; -15] 
-2: [-2; -13; -14] 
4: [4; -13; -20] 

Extraction:

New map:
-20: [4; -13; -20] [-2; 8; -20] [-10; -14; -20] 
-19: [-7; -17; -19] 
-18: [-10; -15; -18] [-12; -16; -18] 
-17: [-7; -17; -19] 
-16: [-12; -16; -18] 
-15: [-4; -12; -15] [-10; -15; -18] 
-14: [-2; -13; -14] [-10; -14; -20] 
-13: [-2; -13; -14] [4; -13; -20] 
-12: [-4; -12; -15] [-12; -16; -18] 
-10: [-10; -15; -18] [-10; -14; -20] 
-7: [-7; -17; -19] 
-4: [-4; -12; -15] 
-2: [-2; -13; -14] [-2; 8; -20] 
4: [4; -13; -20] 
8: [-2; 8; -20] 

Order: 2 4 

Order: 2 4 

Gamble: 8
Assignment: 1 0 3 0 5 6 7 8 9 10 11 12 13 14 15 16 17 18 19 20 

WLit choose: 8
Flush: [8][17][18][5][12][11][6][14][1][13][9][10][19][3][7][15][16][20]
Order: 2 4 

Extraction:

New map:
-20: [4; -13; -20] [-10; -14; -20] 
-19: [-7; -17; -19] 
-18: [-10; -15; -18] [-12; -16; -18] 
-17: [-7; -17; -19] 
-16: [-12; -16; -18] 
-15: [-4; -12; -15] [-10; -15; -18] 
-14: [-2; -13; -14] [-10; -14; -20] 
-13: [-2; -13; -14] [4; -13; -20] 
-12: [-4; -12; -15] [-12; -16; -18] 
-10: [-10; -15; -18] [-10; -14; -20] 
-7: [-7; -17; -19] 
-4: [-4; -12; -15] 
-2: [-2; -13; -14] 
4: [4; -13; -20] 

Extraction:
7: [-2; -13; -14]

New map:
-20: [4; -13; -20] [-10; -14; -20] 
-19: [-7; -17; -19] 
-18: [-10; -15; -18] [-12; -16; -18] 
-17: [-7; -17; -19] 
-16: [-12; -16; -18] 
-15: [-4; -12; -15] [-10; -15; -18] 
-14: [-10; -14; -20] 
-13: [4; -13; -20] 
-12: [-4; -12; -15] [-12; -16; -18] 
-10: [-10; -15; -18] [-10; -14; -20] 
-7: [-7; -17; -19] 
-4: [-4; -12; -15] 
4: [4; -13; -20] 

Order: 4 

Order: 4 

Gamble: 2
Assignment: 1 2 3 0 5 6 7 8 9 10 11 12 13 14 15 16 17 18 19 20 

WLit choose: 2
Flush: [2][8][17][18][5][12][11][6][14][1][13][9][10][19][3][7][15][16][20]
Order: 4 

Extraction:
10: [4; -13; -20]

New map:
-20: [-10; -14; -20] 
-19: [-7; -17; -19] 
-18: [-10; -15; -18] [-12; -16; -18] 
-17: [-7; -17; -19] 
-16: [-12; -16; -18] 
-15: [-4; -12; -15] [-10; -15; -18] 
-14: [-2; -13; -14] [-10; -14; -20] 
-13: [-2; -13; -14] 
-12: [-4; -12; -15] [-12; -16; -18] 
-10: [-10; -15; -18] [-10; -14; -20] 
-7: [-7; -17; -19] 
-4: [-4; -12; -15] 
-2: [-2; -13; -14] 

Extraction:
1: [-4; -12; -15]

New map:
-20: [4; -13; -20] [-10; -14; -20] 
-19: [-7; -17; -19] 
-18: [-10; -15; -18] [-12; -16; -18] 
-17: [-7; -17; -19] 
-16: [-12; -16; -18] 
-15: [-10; -15; -18] 
-14: [-2; -13; -14] [-10; -14; -20] 
-13: [-2; -13; -14] [4; -13; -20] 
-12: [-12; -16; -18] 
-10: [-10; -15; -18] [-10; -14; -20] 
-7: [-7; -17; -19] 
-2: [-2; -13; -14] 
4: [4; -13; -20] 

Order: 

Order: 

Gamble: 4
Assignment: 1 2 3 4 5 6 7 8 9 10 11 12 13 14 15 16 17 18 19 20 

WLit choose: 4
Flush: [4][2][8][17][18][5][12][11][6][14][1][13][9][10][19][3][7][15][16][20]
Order: 

L'instance est satisfiable, voilà une assignation des variables possible :
1 2 3 4 5 6 7 8 9 10 11 12 13 14 15 16 17 18 19 20 
