clauseArray:
0: [1; 8; -15]
1: [-10; -13; 16]
2: [2; 12; 13]
3: [11; -12; -20]
4: [11; 16; -17]
5: [-9; 10; 19]
6: [-1; 9; 17]
7: [2; 7; -11]
8: [-8; -17; -19]
9: [-3; -8; -12]
10: [1; 9; 18]
11: [1; 7; 12]
12: [3; 14; -16]
13: [-8; 9; 10]
14: [8; 10; 16]
15: [-3; 5; -8]
16: [-13; 14; 17]
17: [7; -14; 17]
18: [-5; 18; 19]
19: [2; -6; 17]
20: [-6; 11; 20]
21: [-11; -14; 16]
22: [8; -9; 11]
23: [-7; 16; -18]
24: [2; -14; 18]
25: [-5; 10; -17]
26: [-1; -11; 17]
27: [-1; -3; -6]
28: [7; 10; -15]
29: [-2; 5; -11]
30: [-2; -10; 12]
31: [-2; -3; -7]
32: [-2; 3; -15]
33: [7; -10; -20]
34: [3; 9; 10]
35: [9; -15; -17]
36: [-1; -12; -15]
37: [9; 12; 16]
38: [-4; -5; 9]
39: [2; -9; 12]
40: [3; -7; 8]
41: [-1; -2; 15]
42: [3; 4; -15]
43: [-4; 10; -13]
44: [8; -15; 19]
45: [-2; 8; 10]
46: [-5; 10; 17]
47: [-8; 12; 16]
48: [5; 6; -12]
49: [4; 9; -13]
50: [-3; 4; -7]
51: [-3; 17; 18]
52: [5; 17; 18]
53: [-7; 17; -19]
54: [1; -7; 19]
55: [8; 13; 16]
56: [-4; -5; -6]
57: [-10; -12; 18]
58: [-3; -12; -19]
59: [-1; -12; -17]
60: [-8; 13; 20]
61: [-2; -4; -16]
62: [-3; 10; -13]
63: [14; -15; -17]
64: [-12; 13; -19]
65: [-5; -9; -11]
66: [8; -12; -15]
67: [3; 6; 19]
68: [-1; -4; 17]
69: [-3; -6; 18]
70: [-5; -8; 14]
71: [7; 9; -12]
72: [-4; 7; -14]
73: [6; 14; -18]
74: [-11; 13; 14]
75: [-6; 10; 11]
76: [-14; -16; 20]
77: [10; 13; 15]
78: [-7; 10; 11]
79: [-9; -10; 15]

Order: 10, [17 12 3 8 7 9 2 11 15 1 5 14 16 13 19 4 18 6 20 ]Extraction:
5: [-9; 10; 19]
13: [-8; 9; 10]
14: [8; 10; 16]
25: [-5; 10; -17]
28: [7; 10; -15]
34: [3; 9; 10]
43: [-4; 10; -13]
45: [-2; 8; 10]
46: [-5; 10; 17]
62: [-3; 10; -13]
75: [-6; 10; 11]
77: [10; 13; 15]
78: [-7; 10; 11]

New map:
-20: [11; -12; -20] [7; -10; -20] 
-19: [-8; -17; -19] [-7; 17; -19] [-3; -12; -19] [-12; 13; -19] 
-18: [-7; 16; -18] [6; 14; -18] 
-17: [11; 16; -17] [-8; -17; -19] [9; -15; -17] [-1; -12; -17] [14; -15; -17] 
-16: [3; 14; -16] [-2; -4; -16] [-14; -16; 20] 
-15: [1; 8; -15] [-2; 3; -15] [9; -15; -17] [-1; -12; -15] [3; 4; -15] [8; -15; 19] [14; -15; -17] [8; -12; -15] 
-14: [7; -14; 17] [-11; -14; 16] [2; -14; 18] [-4; 7; -14] [-14; -16; 20] 
-13: [-10; -13; 16] [-13; 14; 17] [4; 9; -13] 
-12: [11; -12; -20] [-3; -8; -12] [-1; -12; -15] [5; 6; -12] [-10; -12; 18] [-3; -12; -19] [-1; -12; -17] [-12; 13; -19] [8; -12; -15] [7; 9; -12] 
-11: [2; 7; -11] [-11; -14; 16] [-1; -11; 17] [-2; 5; -11] [-5; -9; -11] [-11; 13; 14] 
-10: [-10; -13; 16] [-2; -10; 12] [7; -10; -20] [-10; -12; 18] [-9; -10; 15] 
-9: [8; -9; 11] [2; -9; 12] [-5; -9; -11] [-9; -10; 15] 
-8: [-8; -17; -19] [-3; -8; -12] [-3; 5; -8] [-8; 12; 16] [-8; 13; 20] [-5; -8; 14] 
-7: [-7; 16; -18] [-2; -3; -7] [3; -7; 8] [-3; 4; -7] [-7; 17; -19] [1; -7; 19] 
-6: [2; -6; 17] [-6; 11; 20] [-1; -3; -6] [-4; -5; -6] [-3; -6; 18] 
-5: [-5; 18; 19] [-4; -5; 9] [-4; -5; -6] [-5; -9; -11] [-5; -8; 14] 
-4: [-4; -5; 9] [-4; -5; -6] [-2; -4; -16] [-1; -4; 17] [-4; 7; -14] 
-3: [-3; -8; -12] [-3; 5; -8] [-1; -3; -6] [-2; -3; -7] [-3; 4; -7] [-3; 17; 18] [-3; -12; -19] [-3; -6; 18] 
-2: [-2; 5; -11] [-2; -10; 12] [-2; -3; -7] [-2; 3; -15] [-1; -2; 15] [-2; -4; -16] 
-1: [-1; 9; 17] [-1; -11; 17] [-1; -3; -6] [-1; -12; -15] [-1; -2; 15] [-1; -12; -17] [-1; -4; 17] 
1: [1; 8; -15] [1; 9; 18] [1; 7; 12] [1; -7; 19] 
2: [2; 12; 13] [2; 7; -11] [2; -6; 17] [2; -14; 18] [2; -9; 12] 
3: [3; 14; -16] [-2; 3; -15] [3; -7; 8] [3; 4; -15] [3; 6; 19] 
4: [3; 4; -15] [4; 9; -13] [-3; 4; -7] 
5: [-3; 5; -8] [-2; 5; -11] [5; 6; -12] [5; 17; 18] 
6: [5; 6; -12] [3; 6; 19] [6; 14; -18] 
7: [2; 7; -11] [1; 7; 12] [7; -14; 17] [7; -10; -20] [7; 9; -12] [-4; 7; -14] 
8: [1; 8; -15] [8; -9; 11] [3; -7; 8] [8; -15; 19] [8; 13; 16] [8; -12; -15] 
9: [-1; 9; 17] [1; 9; 18] [9; -15; -17] [9; 12; 16] [-4; -5; 9] [4; 9; -13] [7; 9; -12] 
11: [11; -12; -20] [11; 16; -17] [-6; 11; 20] [8; -9; 11] 
12: [2; 12; 13] [1; 7; 12] [-2; -10; 12] [9; 12; 16] [2; -9; 12] [-8; 12; 16] 
13: [2; 12; 13] [8; 13; 16] [-8; 13; 20] [-12; 13; -19] [-11; 13; 14] 
14: [3; 14; -16] [-13; 14; 17] [14; -15; -17] [-5; -8; 14] [6; 14; -18] [-11; 13; 14] 
15: [-1; -2; 15] [-9; -10; 15] 
16: [-10; -13; 16] [11; 16; -17] [-11; -14; 16] [-7; 16; -18] [9; 12; 16] [-8; 12; 16] [8; 13; 16] 
17: [-1; 9; 17] [-13; 14; 17] [7; -14; 17] [2; -6; 17] [-1; -11; 17] [-3; 17; 18] [5; 17; 18] [-7; 17; -19] [-1; -4; 17] 
18: [1; 9; 18] [-5; 18; 19] [2; -14; 18] [-3; 17; 18] [5; 17; 18] [-10; -12; 18] [-3; -6; 18] 
19: [-5; 18; 19] [8; -15; 19] [1; -7; 19] [3; 6; 19] 
20: [-6; 11; 20] [-8; 13; 20] [-14; -16; 20] 

Extraction:
1: [-10; -13; 16]
30: [-2; -10; 12]
33: [7; -10; -20]
57: [-10; -12; 18]
79: [-9; -10; 15]

New map:
-20: [11; -12; -20] 
-19: [-8; -17; -19] [-7; 17; -19] [-3; -12; -19] [-12; 13; -19] 
-18: [-7; 16; -18] [6; 14; -18] 
-17: [11; 16; -17] [-8; -17; -19] [-5; 10; -17] [9; -15; -17] [-1; -12; -17] [14; -15; -17] 
-16: [3; 14; -16] [-2; -4; -16] [-14; -16; 20] 
-15: [1; 8; -15] [7; 10; -15] [-2; 3; -15] [9; -15; -17] [-1; -12; -15] [3; 4; -15] [8; -15; 19] [14; -15; -17] [8; -12; -15] 
-14: [7; -14; 17] [-11; -14; 16] [2; -14; 18] [-4; 7; -14] [-14; -16; 20] 
-13: [-13; 14; 17] [-4; 10; -13] [4; 9; -13] [-3; 10; -13] 
-12: [11; -12; -20] [-3; -8; -12] [-1; -12; -15] [5; 6; -12] [-3; -12; -19] [-1; -12; -17] [-12; 13; -19] [8; -12; -15] [7; 9; -12] 
-11: [2; 7; -11] [-11; -14; 16] [-1; -11; 17] [-2; 5; -11] [-5; -9; -11] [-11; 13; 14] 
-9: [-9; 10; 19] [8; -9; 11] [2; -9; 12] [-5; -9; -11] 
-8: [-8; -17; -19] [-3; -8; -12] [-8; 9; 10] [-3; 5; -8] [-8; 12; 16] [-8; 13; 20] [-5; -8; 14] 
-7: [-7; 16; -18] [-2; -3; -7] [3; -7; 8] [-3; 4; -7] [-7; 17; -19] [1; -7; 19] [-7; 10; 11] 
-6: [2; -6; 17] [-6; 11; 20] [-1; -3; -6] [-4; -5; -6] [-3; -6; 18] [-6; 10; 11] 
-5: [-5; 18; 19] [-5; 10; -17] [-4; -5; 9] [-5; 10; 17] [-4; -5; -6] [-5; -9; -11] [-5; -8; 14] 
-4: [-4; -5; 9] [-4; 10; -13] [-4; -5; -6] [-2; -4; -16] [-1; -4; 17] [-4; 7; -14] 
-3: [-3; -8; -12] [-3; 5; -8] [-1; -3; -6] [-2; -3; -7] [-3; 4; -7] [-3; 17; 18] [-3; -12; -19] [-3; 10; -13] [-3; -6; 18] 
-2: [-2; 5; -11] [-2; -3; -7] [-2; 3; -15] [-1; -2; 15] [-2; 8; 10] [-2; -4; -16] 
-1: [-1; 9; 17] [-1; -11; 17] [-1; -3; -6] [-1; -12; -15] [-1; -2; 15] [-1; -12; -17] [-1; -4; 17] 
1: [1; 8; -15] [1; 9; 18] [1; 7; 12] [1; -7; 19] 
2: [2; 12; 13] [2; 7; -11] [2; -6; 17] [2; -14; 18] [2; -9; 12] 
3: [3; 14; -16] [-2; 3; -15] [3; 9; 10] [3; -7; 8] [3; 4; -15] [3; 6; 19] 
4: [3; 4; -15] [4; 9; -13] [-3; 4; -7] 
5: [-3; 5; -8] [-2; 5; -11] [5; 6; -12] [5; 17; 18] 
6: [5; 6; -12] [3; 6; 19] [6; 14; -18] 
7: [2; 7; -11] [1; 7; 12] [7; -14; 17] [7; 10; -15] [7; 9; -12] [-4; 7; -14] 
8: [1; 8; -15] [8; 10; 16] [8; -9; 11] [3; -7; 8] [8; -15; 19] [-2; 8; 10] [8; 13; 16] [8; -12; -15] 
9: [-1; 9; 17] [1; 9; 18] [-8; 9; 10] [3; 9; 10] [9; -15; -17] [9; 12; 16] [-4; -5; 9] [4; 9; -13] [7; 9; -12] 
10: [-9; 10; 19] [-8; 9; 10] [8; 10; 16] [-5; 10; -17] [7; 10; -15] [3; 9; 10] [-4; 10; -13] [-2; 8; 10] [-5; 10; 17] [-3; 10; -13] [-6; 10; 11] [10; 13; 15] [-7; 10; 11] 
11: [11; -12; -20] [11; 16; -17] [-6; 11; 20] [8; -9; 11] [-6; 10; 11] [-7; 10; 11] 
12: [2; 12; 13] [1; 7; 12] [9; 12; 16] [2; -9; 12] [-8; 12; 16] 
13: [2; 12; 13] [8; 13; 16] [-8; 13; 20] [-12; 13; -19] [-11; 13; 14] [10; 13; 15] 
14: [3; 14; -16] [-13; 14; 17] [14; -15; -17] [-5; -8; 14] [6; 14; -18] [-11; 13; 14] 
15: [-1; -2; 15] [10; 13; 15] 
16: [11; 16; -17] [8; 10; 16] [-11; -14; 16] [-7; 16; -18] [9; 12; 16] [-8; 12; 16] [8; 13; 16] 
17: [-1; 9; 17] [-13; 14; 17] [7; -14; 17] [2; -6; 17] [-1; -11; 17] [-5; 10; 17] [-3; 17; 18] [5; 17; 18] [-7; 17; -19] [-1; -4; 17] 
18: [1; 9; 18] [-5; 18; 19] [2; -14; 18] [-3; 17; 18] [5; 17; 18] [-3; -6; 18] 
19: [-9; 10; 19] [-5; 18; 19] [8; -15; 19] [1; -7; 19] [3; 6; 19] 
20: [-6; 11; 20] [-8; 13; 20] [-14; -16; 20] 

Gamble: 10
Assignment: 0 0 0 0 0 0 0 0 0 10 0 0 0 0 0 0 0 0 0 0 

Flush: [10]
Order: 17, [12 3 8 7 9 2 11 15 1 5 14 16 13 19 4 18 6 20 ]Extraction:
6: [-1; 9; 17]
16: [-13; 14; 17]
17: [7; -14; 17]
19: [2; -6; 17]
26: [-1; -11; 17]
51: [-3; 17; 18]
52: [5; 17; 18]
53: [-7; 17; -19]
68: [-1; -4; 17]

New map:
-20: [11; -12; -20] [7; -10; -20] 
-19: [-8; -17; -19] [-3; -12; -19] [-12; 13; -19] 
-18: [-7; 16; -18] [6; 14; -18] 
-17: [11; 16; -17] [-8; -17; -19] [9; -15; -17] [-1; -12; -17] [14; -15; -17] 
-16: [3; 14; -16] [-2; -4; -16] [-14; -16; 20] 
-15: [1; 8; -15] [-2; 3; -15] [9; -15; -17] [-1; -12; -15] [3; 4; -15] [8; -15; 19] [14; -15; -17] [8; -12; -15] 
-14: [-11; -14; 16] [2; -14; 18] [-4; 7; -14] [-14; -16; 20] 
-13: [-10; -13; 16] [4; 9; -13] 
-12: [11; -12; -20] [-3; -8; -12] [-1; -12; -15] [5; 6; -12] [-10; -12; 18] [-3; -12; -19] [-1; -12; -17] [-12; 13; -19] [8; -12; -15] [7; 9; -12] 
-11: [2; 7; -11] [-11; -14; 16] [-2; 5; -11] [-5; -9; -11] [-11; 13; 14] 
-10: [-10; -13; 16] [-2; -10; 12] [7; -10; -20] [-10; -12; 18] [-9; -10; 15] 
-9: [8; -9; 11] [2; -9; 12] [-5; -9; -11] [-9; -10; 15] 
-8: [-8; -17; -19] [-3; -8; -12] [-3; 5; -8] [-8; 12; 16] [-8; 13; 20] [-5; -8; 14] 
-7: [-7; 16; -18] [-2; -3; -7] [3; -7; 8] [-3; 4; -7] [1; -7; 19] 
-6: [-6; 11; 20] [-1; -3; -6] [-4; -5; -6] [-3; -6; 18] 
-5: [-5; 18; 19] [-4; -5; 9] [-4; -5; -6] [-5; -9; -11] [-5; -8; 14] 
-4: [-4; -5; 9] [-4; -5; -6] [-2; -4; -16] [-4; 7; -14] 
-3: [-3; -8; -12] [-3; 5; -8] [-1; -3; -6] [-2; -3; -7] [-3; 4; -7] [-3; -12; -19] [-3; -6; 18] 
-2: [-2; 5; -11] [-2; -10; 12] [-2; -3; -7] [-2; 3; -15] [-1; -2; 15] [-2; -4; -16] 
-1: [-1; -3; -6] [-1; -12; -15] [-1; -2; 15] [-1; -12; -17] 
1: [1; 8; -15] [1; 9; 18] [1; 7; 12] [1; -7; 19] 
2: [2; 12; 13] [2; 7; -11] [2; -14; 18] [2; -9; 12] 
3: [3; 14; -16] [-2; 3; -15] [3; -7; 8] [3; 4; -15] [3; 6; 19] 
4: [3; 4; -15] [4; 9; -13] [-3; 4; -7] 
5: [-3; 5; -8] [-2; 5; -11] [5; 6; -12] 
6: [5; 6; -12] [3; 6; 19] [6; 14; -18] 
7: [2; 7; -11] [1; 7; 12] [7; -10; -20] [7; 9; -12] [-4; 7; -14] 
8: [1; 8; -15] [8; -9; 11] [3; -7; 8] [8; -15; 19] [8; 13; 16] [8; -12; -15] 
9: [1; 9; 18] [9; -15; -17] [9; 12; 16] [-4; -5; 9] [4; 9; -13] [7; 9; -12] 
11: [11; -12; -20] [11; 16; -17] [-6; 11; 20] [8; -9; 11] 
12: [2; 12; 13] [1; 7; 12] [-2; -10; 12] [9; 12; 16] [2; -9; 12] [-8; 12; 16] 
13: [2; 12; 13] [8; 13; 16] [-8; 13; 20] [-12; 13; -19] [-11; 13; 14] 
14: [3; 14; -16] [14; -15; -17] [-5; -8; 14] [6; 14; -18] [-11; 13; 14] 
15: [-1; -2; 15] [-9; -10; 15] 
16: [-10; -13; 16] [11; 16; -17] [-11; -14; 16] [-7; 16; -18] [9; 12; 16] [-8; 12; 16] [8; 13; 16] 
18: [1; 9; 18] [-5; 18; 19] [2; -14; 18] [-10; -12; 18] [-3; -6; 18] 
19: [-5; 18; 19] [8; -15; 19] [1; -7; 19] [3; 6; 19] 
20: [-6; 11; 20] [-8; 13; 20] [-14; -16; 20] 

Extraction:
4: [11; 16; -17]
8: [-8; -17; -19]
35: [9; -15; -17]
59: [-1; -12; -17]
63: [14; -15; -17]

New map:
-20: [11; -12; -20] [7; -10; -20] 
-19: [-7; 17; -19] [-3; -12; -19] [-12; 13; -19] 
-18: [-7; 16; -18] [6; 14; -18] 
-16: [3; 14; -16] [-2; -4; -16] [-14; -16; 20] 
-15: [1; 8; -15] [-2; 3; -15] [-1; -12; -15] [3; 4; -15] [8; -15; 19] [8; -12; -15] 
-14: [7; -14; 17] [-11; -14; 16] [2; -14; 18] [-4; 7; -14] [-14; -16; 20] 
-13: [-10; -13; 16] [-13; 14; 17] [4; 9; -13] 
-12: [11; -12; -20] [-3; -8; -12] [-1; -12; -15] [5; 6; -12] [-10; -12; 18] [-3; -12; -19] [-12; 13; -19] [8; -12; -15] [7; 9; -12] 
-11: [2; 7; -11] [-11; -14; 16] [-1; -11; 17] [-2; 5; -11] [-5; -9; -11] [-11; 13; 14] 
-10: [-10; -13; 16] [-2; -10; 12] [7; -10; -20] [-10; -12; 18] [-9; -10; 15] 
-9: [8; -9; 11] [2; -9; 12] [-5; -9; -11] [-9; -10; 15] 
-8: [-3; -8; -12] [-3; 5; -8] [-8; 12; 16] [-8; 13; 20] [-5; -8; 14] 
-7: [-7; 16; -18] [-2; -3; -7] [3; -7; 8] [-3; 4; -7] [-7; 17; -19] [1; -7; 19] 
-6: [2; -6; 17] [-6; 11; 20] [-1; -3; -6] [-4; -5; -6] [-3; -6; 18] 
-5: [-5; 18; 19] [-4; -5; 9] [-4; -5; -6] [-5; -9; -11] [-5; -8; 14] 
-4: [-4; -5; 9] [-4; -5; -6] [-2; -4; -16] [-1; -4; 17] [-4; 7; -14] 
-3: [-3; -8; -12] [-3; 5; -8] [-1; -3; -6] [-2; -3; -7] [-3; 4; -7] [-3; 17; 18] [-3; -12; -19] [-3; -6; 18] 
-2: [-2; 5; -11] [-2; -10; 12] [-2; -3; -7] [-2; 3; -15] [-1; -2; 15] [-2; -4; -16] 
-1: [-1; 9; 17] [-1; -11; 17] [-1; -3; -6] [-1; -12; -15] [-1; -2; 15] [-1; -4; 17] 
1: [1; 8; -15] [1; 9; 18] [1; 7; 12] [1; -7; 19] 
2: [2; 12; 13] [2; 7; -11] [2; -6; 17] [2; -14; 18] [2; -9; 12] 
3: [3; 14; -16] [-2; 3; -15] [3; -7; 8] [3; 4; -15] [3; 6; 19] 
4: [3; 4; -15] [4; 9; -13] [-3; 4; -7] 
5: [-3; 5; -8] [-2; 5; -11] [5; 6; -12] [5; 17; 18] 
6: [5; 6; -12] [3; 6; 19] [6; 14; -18] 
7: [2; 7; -11] [1; 7; 12] [7; -14; 17] [7; -10; -20] [7; 9; -12] [-4; 7; -14] 
8: [1; 8; -15] [8; -9; 11] [3; -7; 8] [8; -15; 19] [8; 13; 16] [8; -12; -15] 
9: [-1; 9; 17] [1; 9; 18] [9; 12; 16] [-4; -5; 9] [4; 9; -13] [7; 9; -12] 
11: [11; -12; -20] [-6; 11; 20] [8; -9; 11] 
12: [2; 12; 13] [1; 7; 12] [-2; -10; 12] [9; 12; 16] [2; -9; 12] [-8; 12; 16] 
13: [2; 12; 13] [8; 13; 16] [-8; 13; 20] [-12; 13; -19] [-11; 13; 14] 
14: [3; 14; -16] [-13; 14; 17] [-5; -8; 14] [6; 14; -18] [-11; 13; 14] 
15: [-1; -2; 15] [-9; -10; 15] 
16: [-10; -13; 16] [-11; -14; 16] [-7; 16; -18] [9; 12; 16] [-8; 12; 16] [8; 13; 16] 
17: [-1; 9; 17] [-13; 14; 17] [7; -14; 17] [2; -6; 17] [-1; -11; 17] [-3; 17; 18] [5; 17; 18] [-7; 17; -19] [-1; -4; 17] 
18: [1; 9; 18] [-5; 18; 19] [2; -14; 18] [-3; 17; 18] [5; 17; 18] [-10; -12; 18] [-3; -6; 18] 
19: [-5; 18; 19] [8; -15; 19] [1; -7; 19] [3; 6; 19] 
20: [-6; 11; 20] [-8; 13; 20] [-14; -16; 20] 

Gamble: 17
Assignment: 0 0 0 0 0 0 0 0 0 10 0 0 0 0 0 0 17 0 0 0 

Flush: [17][10]
Order: 12, [3 8 7 9 2 11 15 1 5 14 16 13 19 4 18 6 20 ]Extraction:
2: [2; 12; 13]
11: [1; 7; 12]
30: [-2; -10; 12]
37: [9; 12; 16]
39: [2; -9; 12]
47: [-8; 12; 16]

New map:
-20: [11; -12; -20] [7; -10; -20] 
-19: [-8; -17; -19] [-3; -12; -19] [-12; 13; -19] 
-18: [-7; 16; -18] [6; 14; -18] 
-17: [11; 16; -17] [-8; -17; -19] [9; -15; -17] [-1; -12; -17] [14; -15; -17] 
-16: [3; 14; -16] [-2; -4; -16] [-14; -16; 20] 
-15: [1; 8; -15] [-2; 3; -15] [9; -15; -17] [-1; -12; -15] [3; 4; -15] [8; -15; 19] [14; -15; -17] [8; -12; -15] 
-14: [-11; -14; 16] [2; -14; 18] [-4; 7; -14] [-14; -16; 20] 
-13: [-10; -13; 16] [4; 9; -13] 
-12: [11; -12; -20] [-3; -8; -12] [-1; -12; -15] [5; 6; -12] [-10; -12; 18] [-3; -12; -19] [-1; -12; -17] [-12; 13; -19] [8; -12; -15] [7; 9; -12] 
-11: [2; 7; -11] [-11; -14; 16] [-2; 5; -11] [-5; -9; -11] [-11; 13; 14] 
-10: [-10; -13; 16] [7; -10; -20] [-10; -12; 18] [-9; -10; 15] 
-9: [8; -9; 11] [-5; -9; -11] [-9; -10; 15] 
-8: [-8; -17; -19] [-3; -8; -12] [-3; 5; -8] [-8; 13; 20] [-5; -8; 14] 
-7: [-7; 16; -18] [-2; -3; -7] [3; -7; 8] [-3; 4; -7] [1; -7; 19] 
-6: [-6; 11; 20] [-1; -3; -6] [-4; -5; -6] [-3; -6; 18] 
-5: [-5; 18; 19] [-4; -5; 9] [-4; -5; -6] [-5; -9; -11] [-5; -8; 14] 
-4: [-4; -5; 9] [-4; -5; -6] [-2; -4; -16] [-4; 7; -14] 
-3: [-3; -8; -12] [-3; 5; -8] [-1; -3; -6] [-2; -3; -7] [-3; 4; -7] [-3; -12; -19] [-3; -6; 18] 
-2: [-2; 5; -11] [-2; -3; -7] [-2; 3; -15] [-1; -2; 15] [-2; -4; -16] 
-1: [-1; -3; -6] [-1; -12; -15] [-1; -2; 15] [-1; -12; -17] 
1: [1; 8; -15] [1; 9; 18] [1; -7; 19] 
2: [2; 7; -11] [2; -14; 18] 
3: [3; 14; -16] [-2; 3; -15] [3; -7; 8] [3; 4; -15] [3; 6; 19] 
4: [3; 4; -15] [4; 9; -13] [-3; 4; -7] 
5: [-3; 5; -8] [-2; 5; -11] [5; 6; -12] 
6: [5; 6; -12] [3; 6; 19] [6; 14; -18] 
7: [2; 7; -11] [7; -10; -20] [7; 9; -12] [-4; 7; -14] 
8: [1; 8; -15] [8; -9; 11] [3; -7; 8] [8; -15; 19] [8; 13; 16] [8; -12; -15] 
9: [1; 9; 18] [9; -15; -17] [-4; -5; 9] [4; 9; -13] [7; 9; -12] 
11: [11; -12; -20] [11; 16; -17] [-6; 11; 20] [8; -9; 11] 
13: [8; 13; 16] [-8; 13; 20] [-12; 13; -19] [-11; 13; 14] 
14: [3; 14; -16] [14; -15; -17] [-5; -8; 14] [6; 14; -18] [-11; 13; 14] 
15: [-1; -2; 15] [-9; -10; 15] 
16: [-10; -13; 16] [11; 16; -17] [-11; -14; 16] [-7; 16; -18] [8; 13; 16] 
18: [1; 9; 18] [-5; 18; 19] [2; -14; 18] [-10; -12; 18] [-3; -6; 18] 
19: [-5; 18; 19] [8; -15; 19] [1; -7; 19] [3; 6; 19] 
20: [-6; 11; 20] [-8; 13; 20] [-14; -16; 20] 

Extraction:
3: [11; -12; -20]
9: [-3; -8; -12]
36: [-1; -12; -15]
48: [5; 6; -12]
57: [-10; -12; 18]
58: [-3; -12; -19]
59: [-1; -12; -17]
64: [-12; 13; -19]
66: [8; -12; -15]
71: [7; 9; -12]

New map:
-20: [7; -10; -20] 
-19: [-8; -17; -19] 
-18: [-7; 16; -18] [6; 14; -18] 
-17: [11; 16; -17] [-8; -17; -19] [9; -15; -17] [14; -15; -17] 
-16: [3; 14; -16] [-2; -4; -16] [-14; -16; 20] 
-15: [1; 8; -15] [-2; 3; -15] [9; -15; -17] [3; 4; -15] [8; -15; 19] [14; -15; -17] 
-14: [-11; -14; 16] [2; -14; 18] [-4; 7; -14] [-14; -16; 20] 
-13: [-10; -13; 16] [4; 9; -13] 
-11: [2; 7; -11] [-11; -14; 16] [-2; 5; -11] [-5; -9; -11] [-11; 13; 14] 
-10: [-10; -13; 16] [-2; -10; 12] [7; -10; -20] [-9; -10; 15] 
-9: [8; -9; 11] [2; -9; 12] [-5; -9; -11] [-9; -10; 15] 
-8: [-8; -17; -19] [-3; 5; -8] [-8; 12; 16] [-8; 13; 20] [-5; -8; 14] 
-7: [-7; 16; -18] [-2; -3; -7] [3; -7; 8] [-3; 4; -7] [1; -7; 19] 
-6: [-6; 11; 20] [-1; -3; -6] [-4; -5; -6] [-3; -6; 18] 
-5: [-5; 18; 19] [-4; -5; 9] [-4; -5; -6] [-5; -9; -11] [-5; -8; 14] 
-4: [-4; -5; 9] [-4; -5; -6] [-2; -4; -16] [-4; 7; -14] 
-3: [-3; 5; -8] [-1; -3; -6] [-2; -3; -7] [-3; 4; -7] [-3; -6; 18] 
-2: [-2; 5; -11] [-2; -10; 12] [-2; -3; -7] [-2; 3; -15] [-1; -2; 15] [-2; -4; -16] 
-1: [-1; -3; -6] [-1; -2; 15] 
1: [1; 8; -15] [1; 9; 18] [1; 7; 12] [1; -7; 19] 
2: [2; 12; 13] [2; 7; -11] [2; -14; 18] [2; -9; 12] 
3: [3; 14; -16] [-2; 3; -15] [3; -7; 8] [3; 4; -15] [3; 6; 19] 
4: [3; 4; -15] [4; 9; -13] [-3; 4; -7] 
5: [-3; 5; -8] [-2; 5; -11] 
6: [3; 6; 19] [6; 14; -18] 
7: [2; 7; -11] [1; 7; 12] [7; -10; -20] [-4; 7; -14] 
8: [1; 8; -15] [8; -9; 11] [3; -7; 8] [8; -15; 19] [8; 13; 16] 
9: [1; 9; 18] [9; -15; -17] [9; 12; 16] [-4; -5; 9] [4; 9; -13] 
11: [11; 16; -17] [-6; 11; 20] [8; -9; 11] 
12: [2; 12; 13] [1; 7; 12] [-2; -10; 12] [9; 12; 16] [2; -9; 12] [-8; 12; 16] 
13: [2; 12; 13] [8; 13; 16] [-8; 13; 20] [-11; 13; 14] 
14: [3; 14; -16] [14; -15; -17] [-5; -8; 14] [6; 14; -18] [-11; 13; 14] 
15: [-1; -2; 15] [-9; -10; 15] 
16: [-10; -13; 16] [11; 16; -17] [-11; -14; 16] [-7; 16; -18] [9; 12; 16] [-8; 12; 16] [8; 13; 16] 
18: [1; 9; 18] [-5; 18; 19] [2; -14; 18] [-3; -6; 18] 
19: [-5; 18; 19] [8; -15; 19] [1; -7; 19] [3; 6; 19] 
20: [-6; 11; 20] [-8; 13; 20] [-14; -16; 20] 

Gamble: 12
Assignment: 0 0 0 0 0 0 0 0 0 10 0 12 0 0 0 0 17 0 0 0 

Select: -1
Select: 18
Choice: -1
Assignment: -1 0 0 0 0 0 0 0 0 10 0 12 0 0 0 0 17 0 0 0 

Extraction:
27: [-1; -3; -6]
36: [-1; -12; -15]
41: [-1; -2; 15]
59: [-1; -12; -17]

New map:
-20: [11; -12; -20] [7; -10; -20] 
-19: [-8; -17; -19] [-3; -12; -19] [-12; 13; -19] 
-18: [-7; 16; -18] [6; 14; -18] 
-17: [11; 16; -17] [-8; -17; -19] [9; -15; -17] [14; -15; -17] 
-16: [3; 14; -16] [-2; -4; -16] [-14; -16; 20] 
-15: [1; 8; -15] [-2; 3; -15] [9; -15; -17] [3; 4; -15] [8; -15; 19] [14; -15; -17] [8; -12; -15] 
-14: [-11; -14; 16] [2; -14; 18] [-4; 7; -14] [-14; -16; 20] 
-13: [-10; -13; 16] [4; 9; -13] 
-12: [11; -12; -20] [-3; -8; -12] [5; 6; -12] [-10; -12; 18] [-3; -12; -19] [-12; 13; -19] [8; -12; -15] [7; 9; -12] 
-11: [2; 7; -11] [-11; -14; 16] [-2; 5; -11] [-5; -9; -11] [-11; 13; 14] 
-10: [-10; -13; 16] [7; -10; -20] [-10; -12; 18] [-9; -10; 15] 
-9: [8; -9; 11] [-5; -9; -11] [-9; -10; 15] 
-8: [-8; -17; -19] [-3; -8; -12] [-3; 5; -8] [-8; 13; 20] [-5; -8; 14] 
-7: [-7; 16; -18] [-2; -3; -7] [3; -7; 8] [-3; 4; -7] [1; -7; 19] 
-6: [-6; 11; 20] [-4; -5; -6] [-3; -6; 18] 
-5: [-5; 18; 19] [-4; -5; 9] [-4; -5; -6] [-5; -9; -11] [-5; -8; 14] 
-4: [-4; -5; 9] [-4; -5; -6] [-2; -4; -16] [-4; 7; -14] 
-3: [-3; -8; -12] [-3; 5; -8] [-2; -3; -7] [-3; 4; -7] [-3; -12; -19] [-3; -6; 18] 
-2: [-2; 5; -11] [-2; -3; -7] [-2; 3; -15] [-2; -4; -16] 
1: [1; 8; -15] [1; 9; 18] [1; -7; 19] 
2: [2; 7; -11] [2; -14; 18] 
3: [3; 14; -16] [-2; 3; -15] [3; -7; 8] [3; 4; -15] [3; 6; 19] 
4: [3; 4; -15] [4; 9; -13] [-3; 4; -7] 
5: [-3; 5; -8] [-2; 5; -11] [5; 6; -12] 
6: [5; 6; -12] [3; 6; 19] [6; 14; -18] 
7: [2; 7; -11] [7; -10; -20] [7; 9; -12] [-4; 7; -14] 
8: [1; 8; -15] [8; -9; 11] [3; -7; 8] [8; -15; 19] [8; 13; 16] [8; -12; -15] 
9: [1; 9; 18] [9; -15; -17] [-4; -5; 9] [4; 9; -13] [7; 9; -12] 
11: [11; -12; -20] [11; 16; -17] [-6; 11; 20] [8; -9; 11] 
13: [8; 13; 16] [-8; 13; 20] [-12; 13; -19] [-11; 13; 14] 
14: [3; 14; -16] [14; -15; -17] [-5; -8; 14] [6; 14; -18] [-11; 13; 14] 
15: [-9; -10; 15] 
16: [-10; -13; 16] [11; 16; -17] [-11; -14; 16] [-7; 16; -18] [8; 13; 16] 
18: [1; 9; 18] [-5; 18; 19] [2; -14; 18] [-10; -12; 18] [-3; -6; 18] 
19: [-5; 18; 19] [8; -15; 19] [1; -7; 19] [3; 6; 19] 
20: [-6; 11; 20] [-8; 13; 20] [-14; -16; 20] 

Choice: 18
Assignment: -1 0 0 0 0 0 0 0 0 10 0 12 0 0 0 0 17 18 0 0 

Extraction:
10: [1; 9; 18]
18: [-5; 18; 19]
24: [2; -14; 18]
57: [-10; -12; 18]
69: [-3; -6; 18]

New map:
-20: [11; -12; -20] [7; -10; -20] 
-19: [-8; -17; -19] [-3; -12; -19] [-12; 13; -19] 
-18: [-7; 16; -18] [6; 14; -18] 
-17: [11; 16; -17] [-8; -17; -19] [9; -15; -17] [14; -15; -17] 
-16: [3; 14; -16] [-2; -4; -16] [-14; -16; 20] 
-15: [1; 8; -15] [-2; 3; -15] [9; -15; -17] [3; 4; -15] [8; -15; 19] [14; -15; -17] [8; -12; -15] 
-14: [-11; -14; 16] [-4; 7; -14] [-14; -16; 20] 
-13: [-10; -13; 16] [4; 9; -13] 
-12: [11; -12; -20] [-3; -8; -12] [5; 6; -12] [-3; -12; -19] [-12; 13; -19] [8; -12; -15] [7; 9; -12] 
-11: [2; 7; -11] [-11; -14; 16] [-2; 5; -11] [-5; -9; -11] [-11; 13; 14] 
-10: [-10; -13; 16] [7; -10; -20] [-9; -10; 15] 
-9: [8; -9; 11] [-5; -9; -11] [-9; -10; 15] 
-8: [-8; -17; -19] [-3; -8; -12] [-3; 5; -8] [-8; 13; 20] [-5; -8; 14] 
-7: [-7; 16; -18] [-2; -3; -7] [3; -7; 8] [-3; 4; -7] [1; -7; 19] 
-6: [-6; 11; 20] [-4; -5; -6] 
-5: [-4; -5; 9] [-4; -5; -6] [-5; -9; -11] [-5; -8; 14] 
-4: [-4; -5; 9] [-4; -5; -6] [-2; -4; -16] [-4; 7; -14] 
-3: [-3; -8; -12] [-3; 5; -8] [-2; -3; -7] [-3; 4; -7] [-3; -12; -19] 
-2: [-2; 5; -11] [-2; -3; -7] [-2; 3; -15] [-2; -4; -16] 
1: [1; 8; -15] [1; -7; 19] 
2: [2; 7; -11] 
3: [3; 14; -16] [-2; 3; -15] [3; -7; 8] [3; 4; -15] [3; 6; 19] 
4: [3; 4; -15] [4; 9; -13] [-3; 4; -7] 
5: [-3; 5; -8] [-2; 5; -11] [5; 6; -12] 
6: [5; 6; -12] [3; 6; 19] [6; 14; -18] 
7: [2; 7; -11] [7; -10; -20] [7; 9; -12] [-4; 7; -14] 
8: [1; 8; -15] [8; -9; 11] [3; -7; 8] [8; -15; 19] [8; 13; 16] [8; -12; -15] 
9: [9; -15; -17] [-4; -5; 9] [4; 9; -13] [7; 9; -12] 
11: [11; -12; -20] [11; 16; -17] [-6; 11; 20] [8; -9; 11] 
13: [8; 13; 16] [-8; 13; 20] [-12; 13; -19] [-11; 13; 14] 
14: [3; 14; -16] [14; -15; -17] [-5; -8; 14] [6; 14; -18] [-11; 13; 14] 
15: [-9; -10; 15] 
16: [-10; -13; 16] [11; 16; -17] [-11; -14; 16] [-7; 16; -18] [8; 13; 16] 
19: [8; -15; 19] [1; -7; 19] [3; 6; 19] 
20: [-6; 11; 20] [-8; 13; 20] [-14; -16; 20] 

Flush: [18; -1; 12][17][10]
Order: 3, [8 7 9 2 11 15 1 5 14 16 13 19 4 18 6 20 ]Extraction:
12: [3; 14; -16]
32: [-2; 3; -15]
40: [3; -7; 8]
42: [3; 4; -15]
67: [3; 6; 19]

New map:
-20: [11; -12; -20] [7; -10; -20] 
-19: [-8; -17; -19] [-3; -12; -19] [-12; 13; -19] 
-18: [-7; 16; -18] [6; 14; -18] 
-17: [11; 16; -17] [-8; -17; -19] [9; -15; -17] [14; -15; -17] 
-16: [-2; -4; -16] [-14; -16; 20] 
-15: [1; 8; -15] [9; -15; -17] [8; -15; 19] [14; -15; -17] [8; -12; -15] 
-14: [-11; -14; 16] [-4; 7; -14] [-14; -16; 20] 
-13: [-10; -13; 16] [4; 9; -13] 
-12: [11; -12; -20] [-3; -8; -12] [5; 6; -12] [-3; -12; -19] [-12; 13; -19] [8; -12; -15] [7; 9; -12] 
-11: [2; 7; -11] [-11; -14; 16] [-2; 5; -11] [-5; -9; -11] [-11; 13; 14] 
-10: [-10; -13; 16] [7; -10; -20] [-9; -10; 15] 
-9: [8; -9; 11] [-5; -9; -11] [-9; -10; 15] 
-8: [-8; -17; -19] [-3; -8; -12] [-3; 5; -8] [-8; 13; 20] [-5; -8; 14] 
-7: [-7; 16; -18] [-2; -3; -7] [-3; 4; -7] [1; -7; 19] 
-6: [-6; 11; 20] [-4; -5; -6] 
-5: [-4; -5; 9] [-4; -5; -6] [-5; -9; -11] [-5; -8; 14] 
-4: [-4; -5; 9] [-4; -5; -6] [-2; -4; -16] [-4; 7; -14] 
-3: [-3; -8; -12] [-3; 5; -8] [-2; -3; -7] [-3; 4; -7] [-3; -12; -19] 
-2: [-2; 5; -11] [-2; -3; -7] [-2; -4; -16] 
1: [1; 8; -15] [1; -7; 19] 
2: [2; 7; -11] 
4: [4; 9; -13] [-3; 4; -7] 
5: [-3; 5; -8] [-2; 5; -11] [5; 6; -12] 
6: [5; 6; -12] [6; 14; -18] 
7: [2; 7; -11] [7; -10; -20] [7; 9; -12] [-4; 7; -14] 
8: [1; 8; -15] [8; -9; 11] [8; -15; 19] [8; 13; 16] [8; -12; -15] 
9: [9; -15; -17] [-4; -5; 9] [4; 9; -13] [7; 9; -12] 
11: [11; -12; -20] [11; 16; -17] [-6; 11; 20] [8; -9; 11] 
13: [8; 13; 16] [-8; 13; 20] [-12; 13; -19] [-11; 13; 14] 
14: [14; -15; -17] [-5; -8; 14] [6; 14; -18] [-11; 13; 14] 
15: [-9; -10; 15] 
16: [-10; -13; 16] [11; 16; -17] [-11; -14; 16] [-7; 16; -18] [8; 13; 16] 
19: [8; -15; 19] [1; -7; 19] 
20: [-6; 11; 20] [-8; 13; 20] [-14; -16; 20] 

Extraction:
9: [-3; -8; -12]
15: [-3; 5; -8]
31: [-2; -3; -7]
50: [-3; 4; -7]
58: [-3; -12; -19]

New map:
-20: [11; -12; -20] [7; -10; -20] 
-19: [-8; -17; -19] [-12; 13; -19] 
-18: [-7; 16; -18] [6; 14; -18] 
-17: [11; 16; -17] [-8; -17; -19] [9; -15; -17] [14; -15; -17] 
-16: [3; 14; -16] [-2; -4; -16] [-14; -16; 20] 
-15: [1; 8; -15] [-2; 3; -15] [9; -15; -17] [3; 4; -15] [8; -15; 19] [14; -15; -17] [8; -12; -15] 
-14: [-11; -14; 16] [-4; 7; -14] [-14; -16; 20] 
-13: [-10; -13; 16] [4; 9; -13] 
-12: [11; -12; -20] [5; 6; -12] [-12; 13; -19] [8; -12; -15] [7; 9; -12] 
-11: [2; 7; -11] [-11; -14; 16] [-2; 5; -11] [-5; -9; -11] [-11; 13; 14] 
-10: [-10; -13; 16] [7; -10; -20] [-9; -10; 15] 
-9: [8; -9; 11] [-5; -9; -11] [-9; -10; 15] 
-8: [-8; -17; -19] [-8; 13; 20] [-5; -8; 14] 
-7: [-7; 16; -18] [3; -7; 8] [1; -7; 19] 
-6: [-6; 11; 20] [-4; -5; -6] 
-5: [-4; -5; 9] [-4; -5; -6] [-5; -9; -11] [-5; -8; 14] 
-4: [-4; -5; 9] [-4; -5; -6] [-2; -4; -16] [-4; 7; -14] 
-2: [-2; 5; -11] [-2; 3; -15] [-2; -4; -16] 
1: [1; 8; -15] [1; -7; 19] 
2: [2; 7; -11] 
3: [3; 14; -16] [-2; 3; -15] [3; -7; 8] [3; 4; -15] [3; 6; 19] 
4: [3; 4; -15] [4; 9; -13] 
5: [-2; 5; -11] [5; 6; -12] 
6: [5; 6; -12] [3; 6; 19] [6; 14; -18] 
7: [2; 7; -11] [7; -10; -20] [7; 9; -12] [-4; 7; -14] 
8: [1; 8; -15] [8; -9; 11] [3; -7; 8] [8; -15; 19] [8; 13; 16] [8; -12; -15] 
9: [9; -15; -17] [-4; -5; 9] [4; 9; -13] [7; 9; -12] 
11: [11; -12; -20] [11; 16; -17] [-6; 11; 20] [8; -9; 11] 
13: [8; 13; 16] [-8; 13; 20] [-12; 13; -19] [-11; 13; 14] 
14: [3; 14; -16] [14; -15; -17] [-5; -8; 14] [6; 14; -18] [-11; 13; 14] 
15: [-9; -10; 15] 
16: [-10; -13; 16] [11; 16; -17] [-11; -14; 16] [-7; 16; -18] [8; 13; 16] 
19: [8; -15; 19] [1; -7; 19] [3; 6; 19] 
20: [-6; 11; 20] [-8; 13; 20] [-14; -16; 20] 

Gamble: 3
Assignment: -1 0 3 0 0 0 0 0 0 10 0 12 0 0 0 0 17 18 0 0 

Select: -19
Select: -8
Choice: -19
Assignment: -1 0 3 0 0 0 0 0 0 10 0 12 0 0 0 0 17 18 -19 0 

Extraction:
8: [-8; -17; -19]
58: [-3; -12; -19]
64: [-12; 13; -19]

New map:
-20: [11; -12; -20] [7; -10; -20] 
-18: [-7; 16; -18] [6; 14; -18] 
-17: [11; 16; -17] [9; -15; -17] [14; -15; -17] 
-16: [-2; -4; -16] [-14; -16; 20] 
-15: [1; 8; -15] [9; -15; -17] [8; -15; 19] [14; -15; -17] [8; -12; -15] 
-14: [-11; -14; 16] [-4; 7; -14] [-14; -16; 20] 
-13: [-10; -13; 16] [4; 9; -13] 
-12: [11; -12; -20] [-3; -8; -12] [5; 6; -12] [8; -12; -15] [7; 9; -12] 
-11: [2; 7; -11] [-11; -14; 16] [-2; 5; -11] [-5; -9; -11] [-11; 13; 14] 
-10: [-10; -13; 16] [7; -10; -20] [-9; -10; 15] 
-9: [8; -9; 11] [-5; -9; -11] [-9; -10; 15] 
-8: [-3; -8; -12] [-3; 5; -8] [-8; 13; 20] [-5; -8; 14] 
-7: [-7; 16; -18] [-2; -3; -7] [-3; 4; -7] [1; -7; 19] 
-6: [-6; 11; 20] [-4; -5; -6] 
-5: [-4; -5; 9] [-4; -5; -6] [-5; -9; -11] [-5; -8; 14] 
-4: [-4; -5; 9] [-4; -5; -6] [-2; -4; -16] [-4; 7; -14] 
-3: [-3; -8; -12] [-3; 5; -8] [-2; -3; -7] [-3; 4; -7] 
-2: [-2; 5; -11] [-2; -3; -7] [-2; -4; -16] 
1: [1; 8; -15] [1; -7; 19] 
2: [2; 7; -11] 
4: [4; 9; -13] [-3; 4; -7] 
5: [-3; 5; -8] [-2; 5; -11] [5; 6; -12] 
6: [5; 6; -12] [6; 14; -18] 
7: [2; 7; -11] [7; -10; -20] [7; 9; -12] [-4; 7; -14] 
8: [1; 8; -15] [8; -9; 11] [8; -15; 19] [8; 13; 16] [8; -12; -15] 
9: [9; -15; -17] [-4; -5; 9] [4; 9; -13] [7; 9; -12] 
11: [11; -12; -20] [11; 16; -17] [-6; 11; 20] [8; -9; 11] 
13: [8; 13; 16] [-8; 13; 20] [-11; 13; 14] 
14: [14; -15; -17] [-5; -8; 14] [6; 14; -18] [-11; 13; 14] 
15: [-9; -10; 15] 
16: [-10; -13; 16] [11; 16; -17] [-11; -14; 16] [-7; 16; -18] [8; 13; 16] 
19: [8; -15; 19] [1; -7; 19] 
20: [-6; 11; 20] [-8; 13; 20] [-14; -16; 20] 

Select: -7
Choice: -8
Assignment: -1 0 3 0 0 0 0 -8 0 10 0 12 0 0 0 0 17 18 -19 0 

Extraction:
9: [-3; -8; -12]
15: [-3; 5; -8]
60: [-8; 13; 20]
70: [-5; -8; 14]

New map:
-20: [11; -12; -20] [7; -10; -20] 
-18: [-7; 16; -18] [6; 14; -18] 
-17: [11; 16; -17] [9; -15; -17] [14; -15; -17] 
-16: [-2; -4; -16] [-14; -16; 20] 
-15: [1; 8; -15] [9; -15; -17] [8; -15; 19] [14; -15; -17] [8; -12; -15] 
-14: [-11; -14; 16] [-4; 7; -14] [-14; -16; 20] 
-13: [-10; -13; 16] [4; 9; -13] 
-12: [11; -12; -20] [5; 6; -12] [8; -12; -15] [7; 9; -12] 
-11: [2; 7; -11] [-11; -14; 16] [-2; 5; -11] [-5; -9; -11] [-11; 13; 14] 
-10: [-10; -13; 16] [7; -10; -20] [-9; -10; 15] 
-9: [8; -9; 11] [-5; -9; -11] [-9; -10; 15] 
-7: [-7; 16; -18] [-2; -3; -7] [-3; 4; -7] [1; -7; 19] 
-6: [-6; 11; 20] [-4; -5; -6] 
-5: [-4; -5; 9] [-4; -5; -6] [-5; -9; -11] 
-4: [-4; -5; 9] [-4; -5; -6] [-2; -4; -16] [-4; 7; -14] 
-3: [-2; -3; -7] [-3; 4; -7] 
-2: [-2; 5; -11] [-2; -3; -7] [-2; -4; -16] 
1: [1; 8; -15] [1; -7; 19] 
2: [2; 7; -11] 
4: [4; 9; -13] [-3; 4; -7] 
5: [-2; 5; -11] [5; 6; -12] 
6: [5; 6; -12] [6; 14; -18] 
7: [2; 7; -11] [7; -10; -20] [7; 9; -12] [-4; 7; -14] 
8: [1; 8; -15] [8; -9; 11] [8; -15; 19] [8; 13; 16] [8; -12; -15] 
9: [9; -15; -17] [-4; -5; 9] [4; 9; -13] [7; 9; -12] 
11: [11; -12; -20] [11; 16; -17] [-6; 11; 20] [8; -9; 11] 
13: [8; 13; 16] [-11; 13; 14] 
14: [14; -15; -17] [6; 14; -18] [-11; 13; 14] 
15: [-9; -10; 15] 
16: [-10; -13; 16] [11; 16; -17] [-11; -14; 16] [-7; 16; -18] [8; 13; 16] 
19: [8; -15; 19] [1; -7; 19] 
20: [-6; 11; 20] [-14; -16; 20] 

Select: -15
Select: -15
Select: -15
Choice: -15
Assignment: -1 0 3 0 0 0 0 -8 0 10 0 12 0 0 -15 0 17 18 -19 0 

Extraction:
0: [1; 8; -15]
35: [9; -15; -17]
44: [8; -15; 19]
63: [14; -15; -17]
66: [8; -12; -15]

New map:
-20: [11; -12; -20] [7; -10; -20] 
-18: [-7; 16; -18] [6; 14; -18] 
-17: [11; 16; -17] 
-16: [-2; -4; -16] [-14; -16; 20] 
-14: [-11; -14; 16] [-4; 7; -14] [-14; -16; 20] 
-13: [-10; -13; 16] [4; 9; -13] 
-12: [11; -12; -20] [5; 6; -12] [7; 9; -12] 
-11: [2; 7; -11] [-11; -14; 16] [-2; 5; -11] [-5; -9; -11] [-11; 13; 14] 
-10: [-10; -13; 16] [7; -10; -20] [-9; -10; 15] 
-9: [8; -9; 11] [-5; -9; -11] [-9; -10; 15] 
-7: [-7; 16; -18] [-2; -3; -7] [-3; 4; -7] [1; -7; 19] 
-6: [-6; 11; 20] [-4; -5; -6] 
-5: [-4; -5; 9] [-4; -5; -6] [-5; -9; -11] 
-4: [-4; -5; 9] [-4; -5; -6] [-2; -4; -16] [-4; 7; -14] 
-3: [-2; -3; -7] [-3; 4; -7] 
-2: [-2; 5; -11] [-2; -3; -7] [-2; -4; -16] 
1: [1; -7; 19] 
2: [2; 7; -11] 
4: [4; 9; -13] [-3; 4; -7] 
5: [-2; 5; -11] [5; 6; -12] 
6: [5; 6; -12] [6; 14; -18] 
7: [2; 7; -11] [7; -10; -20] [7; 9; -12] [-4; 7; -14] 
8: [8; -9; 11] [8; 13; 16] 
9: [-4; -5; 9] [4; 9; -13] [7; 9; -12] 
11: [11; -12; -20] [11; 16; -17] [-6; 11; 20] [8; -9; 11] 
13: [8; 13; 16] [-11; 13; 14] 
14: [6; 14; -18] [-11; 13; 14] 
15: [-9; -10; 15] 
16: [-10; -13; 16] [11; 16; -17] [-11; -14; 16] [-7; 16; -18] [8; 13; 16] 
19: [1; -7; 19] 
20: [-6; 11; 20] [-14; -16; 20] 

Select: -9
Choice: -9
Assignment: -1 0 3 0 0 0 0 -8 -9 10 0 12 0 0 -15 0 17 18 -19 0 

Extraction:
22: [8; -9; 11]
65: [-5; -9; -11]
79: [-9; -10; 15]

New map:
-20: [11; -12; -20] [7; -10; -20] 
-18: [-7; 16; -18] [6; 14; -18] 
-17: [11; 16; -17] 
-16: [-2; -4; -16] [-14; -16; 20] 
-14: [-11; -14; 16] [-4; 7; -14] [-14; -16; 20] 
-13: [-10; -13; 16] [4; 9; -13] 
-12: [11; -12; -20] [5; 6; -12] [7; 9; -12] 
-11: [2; 7; -11] [-11; -14; 16] [-2; 5; -11] [-11; 13; 14] 
-10: [-10; -13; 16] [7; -10; -20] 
-7: [-7; 16; -18] [-2; -3; -7] [-3; 4; -7] [1; -7; 19] 
-6: [-6; 11; 20] [-4; -5; -6] 
-5: [-4; -5; 9] [-4; -5; -6] 
-4: [-4; -5; 9] [-4; -5; -6] [-2; -4; -16] [-4; 7; -14] 
-3: [-2; -3; -7] [-3; 4; -7] 
-2: [-2; 5; -11] [-2; -3; -7] [-2; -4; -16] 
1: [1; -7; 19] 
2: [2; 7; -11] 
4: [4; 9; -13] [-3; 4; -7] 
5: [-2; 5; -11] [5; 6; -12] 
6: [5; 6; -12] [6; 14; -18] 
7: [2; 7; -11] [7; -10; -20] [7; 9; -12] [-4; 7; -14] 
8: [8; 13; 16] 
9: [-4; -5; 9] [4; 9; -13] [7; 9; -12] 
11: [11; -12; -20] [11; 16; -17] [-6; 11; 20] 
13: [8; 13; 16] [-11; 13; 14] 
14: [6; 14; -18] [-11; 13; 14] 
16: [-10; -13; 16] [11; 16; -17] [-11; -14; 16] [-7; 16; -18] [8; 13; 16] 
19: [1; -7; 19] 
20: [-6; 11; 20] [-14; -16; 20] 

Select: 7
Choice: -7
Assignment: -1 0 3 0 0 0 -7 -8 -9 10 0 12 0 0 -15 0 17 18 -19 0 

Extraction:
23: [-7; 16; -18]
31: [-2; -3; -7]
50: [-3; 4; -7]
54: [1; -7; 19]

New map:
-20: [11; -12; -20] [7; -10; -20] 
-18: [6; 14; -18] 
-17: [11; 16; -17] 
-16: [-2; -4; -16] [-14; -16; 20] 
-14: [-11; -14; 16] [-4; 7; -14] [-14; -16; 20] 
-13: [-10; -13; 16] [4; 9; -13] 
-12: [11; -12; -20] [5; 6; -12] [7; 9; -12] 
-11: [2; 7; -11] [-11; -14; 16] [-2; 5; -11] [-11; 13; 14] 
-10: [-10; -13; 16] [7; -10; -20] 
-6: [-6; 11; 20] [-4; -5; -6] 
-5: [-4; -5; 9] [-4; -5; -6] 
-4: [-4; -5; 9] [-4; -5; -6] [-2; -4; -16] [-4; 7; -14] 
-2: [-2; 5; -11] [-2; -4; -16] 
2: [2; 7; -11] 
4: [4; 9; -13] 
5: [-2; 5; -11] [5; 6; -12] 
6: [5; 6; -12] [6; 14; -18] 
7: [2; 7; -11] [7; -10; -20] [7; 9; -12] [-4; 7; -14] 
8: [8; 13; 16] 
9: [-4; -5; 9] [4; 9; -13] [7; 9; -12] 
11: [11; -12; -20] [11; 16; -17] [-6; 11; 20] 
13: [8; 13; 16] [-11; 13; 14] 
14: [6; 14; -18] [-11; 13; 14] 
16: [-10; -13; 16] [11; 16; -17] [-11; -14; 16] [8; 13; 16] 
20: [-6; 11; 20] [-14; -16; 20] 

Flush: [-7; -9; -15; -8; -19; 3][18; -1; 12][17][10]
Restore: [-7; -9; -15; -8; -19; 3][18; -1; 12][17][10]
Assignment: -1 0 3 0 0 0 0 -8 -9 10 0 12 0 0 -15 0 17 18 -19 0 

Assignment: -1 0 3 0 0 0 0 -8 0 10 0 12 0 0 -15 0 17 18 -19 0 

Assignment: -1 0 3 0 0 0 0 -8 0 10 0 12 0 0 0 0 17 18 -19 0 

Assignment: -1 0 3 0 0 0 0 0 0 10 0 12 0 0 0 0 17 18 -19 0 

Assignment: -1 0 3 0 0 0 0 0 0 10 0 12 0 0 0 0 17 18 0 0 

Assignment: -1 0 0 0 0 0 0 0 0 10 0 12 0 0 0 0 17 18 0 0 

Gamble: -3
Assignment: -1 0 -3 0 0 0 0 0 0 10 0 12 0 0 0 0 17 18 0 0 

Flush: [-3][18; -1; 12][17][10]
Order: 8, [7 9 2 11 15 1 5 14 16 13 19 4 18 6 20 ]Extraction:
0: [1; 8; -15]
22: [8; -9; 11]
40: [3; -7; 8]
44: [8; -15; 19]
55: [8; 13; 16]
66: [8; -12; -15]

New map:
-20: [11; -12; -20] [7; -10; -20] 
-19: [-8; -17; -19] [-12; 13; -19] 
-18: [-7; 16; -18] [6; 14; -18] 
-17: [11; 16; -17] [-8; -17; -19] [9; -15; -17] [14; -15; -17] 
-16: [3; 14; -16] [-2; -4; -16] [-14; -16; 20] 
-15: [-2; 3; -15] [9; -15; -17] [3; 4; -15] [14; -15; -17] 
-14: [-11; -14; 16] [-4; 7; -14] [-14; -16; 20] 
-13: [-10; -13; 16] [4; 9; -13] 
-12: [11; -12; -20] [5; 6; -12] [-12; 13; -19] [7; 9; -12] 
-11: [2; 7; -11] [-11; -14; 16] [-2; 5; -11] [-5; -9; -11] [-11; 13; 14] 
-10: [-10; -13; 16] [7; -10; -20] [-9; -10; 15] 
-9: [-5; -9; -11] [-9; -10; 15] 
-8: [-8; -17; -19] [-8; 13; 20] [-5; -8; 14] 
-7: [-7; 16; -18] [1; -7; 19] 
-6: [-6; 11; 20] [-4; -5; -6] 
-5: [-4; -5; 9] [-4; -5; -6] [-5; -9; -11] [-5; -8; 14] 
-4: [-4; -5; 9] [-4; -5; -6] [-2; -4; -16] [-4; 7; -14] 
-2: [-2; 5; -11] [-2; 3; -15] [-2; -4; -16] 
1: [1; -7; 19] 
2: [2; 7; -11] 
3: [3; 14; -16] [-2; 3; -15] [3; 4; -15] [3; 6; 19] 
4: [3; 4; -15] [4; 9; -13] 
5: [-2; 5; -11] [5; 6; -12] 
6: [5; 6; -12] [3; 6; 19] [6; 14; -18] 
7: [2; 7; -11] [7; -10; -20] [7; 9; -12] [-4; 7; -14] 
9: [9; -15; -17] [-4; -5; 9] [4; 9; -13] [7; 9; -12] 
11: [11; -12; -20] [11; 16; -17] [-6; 11; 20] 
13: [-8; 13; 20] [-12; 13; -19] [-11; 13; 14] 
14: [3; 14; -16] [14; -15; -17] [-5; -8; 14] [6; 14; -18] [-11; 13; 14] 
15: [-9; -10; 15] 
16: [-10; -13; 16] [11; 16; -17] [-11; -14; 16] [-7; 16; -18] 
19: [1; -7; 19] [3; 6; 19] 
20: [-6; 11; 20] [-8; 13; 20] [-14; -16; 20] 

Extraction:
8: [-8; -17; -19]
60: [-8; 13; 20]
70: [-5; -8; 14]

New map:
-20: [11; -12; -20] [7; -10; -20] 
-19: [-12; 13; -19] 
-18: [-7; 16; -18] [6; 14; -18] 
-17: [11; 16; -17] [9; -15; -17] [14; -15; -17] 
-16: [3; 14; -16] [-2; -4; -16] [-14; -16; 20] 
-15: [1; 8; -15] [-2; 3; -15] [9; -15; -17] [3; 4; -15] [8; -15; 19] [14; -15; -17] [8; -12; -15] 
-14: [-11; -14; 16] [-4; 7; -14] [-14; -16; 20] 
-13: [-10; -13; 16] [4; 9; -13] 
-12: [11; -12; -20] [5; 6; -12] [-12; 13; -19] [8; -12; -15] [7; 9; -12] 
-11: [2; 7; -11] [-11; -14; 16] [-2; 5; -11] [-5; -9; -11] [-11; 13; 14] 
-10: [-10; -13; 16] [7; -10; -20] [-9; -10; 15] 
-9: [8; -9; 11] [-5; -9; -11] [-9; -10; 15] 
-7: [-7; 16; -18] [3; -7; 8] [1; -7; 19] 
-6: [-6; 11; 20] [-4; -5; -6] 
-5: [-4; -5; 9] [-4; -5; -6] [-5; -9; -11] 
-4: [-4; -5; 9] [-4; -5; -6] [-2; -4; -16] [-4; 7; -14] 
-2: [-2; 5; -11] [-2; 3; -15] [-2; -4; -16] 
1: [1; 8; -15] [1; -7; 19] 
2: [2; 7; -11] 
3: [3; 14; -16] [-2; 3; -15] [3; -7; 8] [3; 4; -15] [3; 6; 19] 
4: [3; 4; -15] [4; 9; -13] 
5: [-2; 5; -11] [5; 6; -12] 
6: [5; 6; -12] [3; 6; 19] [6; 14; -18] 
7: [2; 7; -11] [7; -10; -20] [7; 9; -12] [-4; 7; -14] 
8: [1; 8; -15] [8; -9; 11] [3; -7; 8] [8; -15; 19] [8; 13; 16] [8; -12; -15] 
9: [9; -15; -17] [-4; -5; 9] [4; 9; -13] [7; 9; -12] 
11: [11; -12; -20] [11; 16; -17] [-6; 11; 20] [8; -9; 11] 
13: [8; 13; 16] [-12; 13; -19] [-11; 13; 14] 
14: [3; 14; -16] [14; -15; -17] [6; 14; -18] [-11; 13; 14] 
15: [-9; -10; 15] 
16: [-10; -13; 16] [11; 16; -17] [-11; -14; 16] [-7; 16; -18] [8; 13; 16] 
19: [8; -15; 19] [1; -7; 19] [3; 6; 19] 
20: [-6; 11; 20] [-14; -16; 20] 

Gamble: 8
Assignment: -1 0 -3 0 0 0 0 8 0 10 0 12 0 0 0 0 17 18 0 0 

Select: -19
Choice: -19
Assignment: -1 0 -3 0 0 0 0 8 0 10 0 12 0 0 0 0 17 18 -19 0 

Extraction:
8: [-8; -17; -19]
64: [-12; 13; -19]

New map:
-20: [11; -12; -20] [7; -10; -20] 
-18: [-7; 16; -18] [6; 14; -18] 
-17: [11; 16; -17] [9; -15; -17] [14; -15; -17] 
-16: [3; 14; -16] [-2; -4; -16] [-14; -16; 20] 
-15: [-2; 3; -15] [9; -15; -17] [3; 4; -15] [14; -15; -17] 
-14: [-11; -14; 16] [-4; 7; -14] [-14; -16; 20] 
-13: [-10; -13; 16] [4; 9; -13] 
-12: [11; -12; -20] [5; 6; -12] [7; 9; -12] 
-11: [2; 7; -11] [-11; -14; 16] [-2; 5; -11] [-5; -9; -11] [-11; 13; 14] 
-10: [-10; -13; 16] [7; -10; -20] [-9; -10; 15] 
-9: [-5; -9; -11] [-9; -10; 15] 
-8: [-8; 13; 20] [-5; -8; 14] 
-7: [-7; 16; -18] [1; -7; 19] 
-6: [-6; 11; 20] [-4; -5; -6] 
-5: [-4; -5; 9] [-4; -5; -6] [-5; -9; -11] [-5; -8; 14] 
-4: [-4; -5; 9] [-4; -5; -6] [-2; -4; -16] [-4; 7; -14] 
-2: [-2; 5; -11] [-2; 3; -15] [-2; -4; -16] 
1: [1; -7; 19] 
2: [2; 7; -11] 
3: [3; 14; -16] [-2; 3; -15] [3; 4; -15] [3; 6; 19] 
4: [3; 4; -15] [4; 9; -13] 
5: [-2; 5; -11] [5; 6; -12] 
6: [5; 6; -12] [3; 6; 19] [6; 14; -18] 
7: [2; 7; -11] [7; -10; -20] [7; 9; -12] [-4; 7; -14] 
9: [9; -15; -17] [-4; -5; 9] [4; 9; -13] [7; 9; -12] 
11: [11; -12; -20] [11; 16; -17] [-6; 11; 20] 
13: [-8; 13; 20] [-11; 13; 14] 
14: [3; 14; -16] [14; -15; -17] [-5; -8; 14] [6; 14; -18] [-11; 13; 14] 
15: [-9; -10; 15] 
16: [-10; -13; 16] [11; 16; -17] [-11; -14; 16] [-7; 16; -18] 
19: [1; -7; 19] [3; 6; 19] 
20: [-6; 11; 20] [-8; 13; 20] [-14; -16; 20] 

Select: 6
Select: -7
Choice: -7
Assignment: -1 0 -3 0 0 0 -7 8 0 10 0 12 0 0 0 0 17 18 -19 0 

Extraction:
23: [-7; 16; -18]
54: [1; -7; 19]

New map:
-20: [11; -12; -20] [7; -10; -20] 
-18: [6; 14; -18] 
-17: [11; 16; -17] [9; -15; -17] [14; -15; -17] 
-16: [3; 14; -16] [-2; -4; -16] [-14; -16; 20] 
-15: [-2; 3; -15] [9; -15; -17] [3; 4; -15] [14; -15; -17] 
-14: [-11; -14; 16] [-4; 7; -14] [-14; -16; 20] 
-13: [-10; -13; 16] [4; 9; -13] 
-12: [11; -12; -20] [5; 6; -12] [7; 9; -12] 
-11: [2; 7; -11] [-11; -14; 16] [-2; 5; -11] [-5; -9; -11] [-11; 13; 14] 
-10: [-10; -13; 16] [7; -10; -20] [-9; -10; 15] 
-9: [-5; -9; -11] [-9; -10; 15] 
-8: [-8; 13; 20] [-5; -8; 14] 
-6: [-6; 11; 20] [-4; -5; -6] 
-5: [-4; -5; 9] [-4; -5; -6] [-5; -9; -11] [-5; -8; 14] 
-4: [-4; -5; 9] [-4; -5; -6] [-2; -4; -16] [-4; 7; -14] 
-2: [-2; 5; -11] [-2; 3; -15] [-2; -4; -16] 
2: [2; 7; -11] 
3: [3; 14; -16] [-2; 3; -15] [3; 4; -15] [3; 6; 19] 
4: [3; 4; -15] [4; 9; -13] 
5: [-2; 5; -11] [5; 6; -12] 
6: [5; 6; -12] [3; 6; 19] [6; 14; -18] 
7: [2; 7; -11] [7; -10; -20] [7; 9; -12] [-4; 7; -14] 
9: [9; -15; -17] [-4; -5; 9] [4; 9; -13] [7; 9; -12] 
11: [11; -12; -20] [11; 16; -17] [-6; 11; 20] 
13: [-8; 13; 20] [-11; 13; 14] 
14: [3; 14; -16] [14; -15; -17] [-5; -8; 14] [6; 14; -18] [-11; 13; 14] 
15: [-9; -10; 15] 
16: [-10; -13; 16] [11; 16; -17] [-11; -14; 16] 
19: [3; 6; 19] 
20: [-6; 11; 20] [-8; 13; 20] [-14; -16; 20] 

Select: 9
Select: -20
Choice: -20
Assignment: -1 0 -3 0 0 0 -7 8 0 10 0 12 0 0 0 0 17 18 -19 -20 

Extraction:
3: [11; -12; -20]
33: [7; -10; -20]

New map:
-18: [6; 14; -18] 
-17: [11; 16; -17] [9; -15; -17] [14; -15; -17] 
-16: [3; 14; -16] [-2; -4; -16] [-14; -16; 20] 
-15: [-2; 3; -15] [9; -15; -17] [3; 4; -15] [14; -15; -17] 
-14: [-11; -14; 16] [-4; 7; -14] [-14; -16; 20] 
-13: [-10; -13; 16] [4; 9; -13] 
-12: [5; 6; -12] [7; 9; -12] 
-11: [2; 7; -11] [-11; -14; 16] [-2; 5; -11] [-5; -9; -11] [-11; 13; 14] 
-10: [-10; -13; 16] [-9; -10; 15] 
-9: [-5; -9; -11] [-9; -10; 15] 
-8: [-8; 13; 20] [-5; -8; 14] 
-6: [-6; 11; 20] [-4; -5; -6] 
-5: [-4; -5; 9] [-4; -5; -6] [-5; -9; -11] [-5; -8; 14] 
-4: [-4; -5; 9] [-4; -5; -6] [-2; -4; -16] [-4; 7; -14] 
-2: [-2; 5; -11] [-2; 3; -15] [-2; -4; -16] 
2: [2; 7; -11] 
3: [3; 14; -16] [-2; 3; -15] [3; 4; -15] [3; 6; 19] 
4: [3; 4; -15] [4; 9; -13] 
5: [-2; 5; -11] [5; 6; -12] 
6: [5; 6; -12] [3; 6; 19] [6; 14; -18] 
7: [2; 7; -11] [7; 9; -12] [-4; 7; -14] 
9: [9; -15; -17] [-4; -5; 9] [4; 9; -13] [7; 9; -12] 
11: [11; 16; -17] [-6; 11; 20] 
13: [-8; 13; 20] [-11; 13; 14] 
14: [3; 14; -16] [14; -15; -17] [-5; -8; 14] [6; 14; -18] [-11; 13; 14] 
15: [-9; -10; 15] 
16: [-10; -13; 16] [11; 16; -17] [-11; -14; 16] 
19: [3; 6; 19] 
20: [-6; 11; 20] [-8; 13; 20] [-14; -16; 20] 

Select: 13
Choice: 6
Assignment: -1 0 -3 0 0 6 -7 8 0 10 0 12 0 0 0 0 17 18 -19 -20 

Extraction:
48: [5; 6; -12]
67: [3; 6; 19]
73: [6; 14; -18]

New map:
-17: [11; 16; -17] [9; -15; -17] [14; -15; -17] 
-16: [3; 14; -16] [-2; -4; -16] [-14; -16; 20] 
-15: [-2; 3; -15] [9; -15; -17] [3; 4; -15] [14; -15; -17] 
-14: [-11; -14; 16] [-4; 7; -14] [-14; -16; 20] 
-13: [-10; -13; 16] [4; 9; -13] 
-12: [7; 9; -12] 
-11: [2; 7; -11] [-11; -14; 16] [-2; 5; -11] [-5; -9; -11] [-11; 13; 14] 
-10: [-10; -13; 16] [-9; -10; 15] 
-9: [-5; -9; -11] [-9; -10; 15] 
-8: [-8; 13; 20] [-5; -8; 14] 
-6: [-6; 11; 20] [-4; -5; -6] 
-5: [-4; -5; 9] [-4; -5; -6] [-5; -9; -11] [-5; -8; 14] 
-4: [-4; -5; 9] [-4; -5; -6] [-2; -4; -16] [-4; 7; -14] 
-2: [-2; 5; -11] [-2; 3; -15] [-2; -4; -16] 
2: [2; 7; -11] 
3: [3; 14; -16] [-2; 3; -15] [3; 4; -15] 
4: [3; 4; -15] [4; 9; -13] 
5: [-2; 5; -11] 
7: [2; 7; -11] [7; 9; -12] [-4; 7; -14] 
9: [9; -15; -17] [-4; -5; 9] [4; 9; -13] [7; 9; -12] 
11: [11; 16; -17] [-6; 11; 20] 
13: [-8; 13; 20] [-11; 13; 14] 
14: [3; 14; -16] [14; -15; -17] [-5; -8; 14] [-11; 13; 14] 
15: [-9; -10; 15] 
16: [-10; -13; 16] [11; 16; -17] [-11; -14; 16] 
20: [-6; 11; 20] [-8; 13; 20] [-14; -16; 20] 

Select: 11
Choice: 9
Assignment: -1 0 -3 0 0 6 -7 8 9 10 0 12 0 0 0 0 17 18 -19 -20 

Extraction:
35: [9; -15; -17]
38: [-4; -5; 9]
49: [4; 9; -13]
71: [7; 9; -12]

New map:
-17: [11; 16; -17] [14; -15; -17] 
-16: [3; 14; -16] [-2; -4; -16] [-14; -16; 20] 
-15: [-2; 3; -15] [3; 4; -15] [14; -15; -17] 
-14: [-11; -14; 16] [-4; 7; -14] [-14; -16; 20] 
-13: [-10; -13; 16] 
-11: [2; 7; -11] [-11; -14; 16] [-2; 5; -11] [-5; -9; -11] [-11; 13; 14] 
-10: [-10; -13; 16] [-9; -10; 15] 
-9: [-5; -9; -11] [-9; -10; 15] 
-8: [-8; 13; 20] [-5; -8; 14] 
-6: [-6; 11; 20] [-4; -5; -6] 
-5: [-4; -5; -6] [-5; -9; -11] [-5; -8; 14] 
-4: [-4; -5; -6] [-2; -4; -16] [-4; 7; -14] 
-2: [-2; 5; -11] [-2; 3; -15] [-2; -4; -16] 
2: [2; 7; -11] 
3: [3; 14; -16] [-2; 3; -15] [3; 4; -15] 
4: [3; 4; -15] 
5: [-2; 5; -11] 
7: [2; 7; -11] [-4; 7; -14] 
11: [11; 16; -17] [-6; 11; 20] 
13: [-8; 13; 20] [-11; 13; 14] 
14: [3; 14; -16] [14; -15; -17] [-5; -8; 14] [-11; 13; 14] 
15: [-9; -10; 15] 
16: [-10; -13; 16] [11; 16; -17] [-11; -14; 16] 
20: [-6; 11; 20] [-8; 13; 20] [-14; -16; 20] 

Select: 15
Choice: 11
Assignment: -1 0 -3 0 0 6 -7 8 9 10 11 12 0 0 0 0 17 18 -19 -20 

Extraction:
4: [11; 16; -17]
20: [-6; 11; 20]

New map:
-17: [14; -15; -17] 
-16: [3; 14; -16] [-2; -4; -16] [-14; -16; 20] 
-15: [-2; 3; -15] [3; 4; -15] [14; -15; -17] 
-14: [-11; -14; 16] [-4; 7; -14] [-14; -16; 20] 
-13: [-10; -13; 16] 
-11: [2; 7; -11] [-11; -14; 16] [-2; 5; -11] [-5; -9; -11] [-11; 13; 14] 
-10: [-10; -13; 16] [-9; -10; 15] 
-9: [-5; -9; -11] [-9; -10; 15] 
-8: [-8; 13; 20] [-5; -8; 14] 
-6: [-4; -5; -6] 
-5: [-4; -5; -6] [-5; -9; -11] [-5; -8; 14] 
-4: [-4; -5; -6] [-2; -4; -16] [-4; 7; -14] 
-2: [-2; 5; -11] [-2; 3; -15] [-2; -4; -16] 
2: [2; 7; -11] 
3: [3; 14; -16] [-2; 3; -15] [3; 4; -15] 
4: [3; 4; -15] 
5: [-2; 5; -11] 
7: [2; 7; -11] [-4; 7; -14] 
13: [-8; 13; 20] [-11; 13; 14] 
14: [3; 14; -16] [14; -15; -17] [-5; -8; 14] [-11; 13; 14] 
15: [-9; -10; 15] 
16: [-10; -13; 16] [-11; -14; 16] 
20: [-8; 13; 20] [-14; -16; 20] 

Select: -5
Select: 2
Choice: -5
Assignment: -1 0 -3 0 -5 6 -7 8 9 10 11 12 0 0 0 0 17 18 -19 -20 

Extraction:
56: [-4; -5; -6]
65: [-5; -9; -11]
70: [-5; -8; 14]

New map:
-17: [14; -15; -17] 
-16: [3; 14; -16] [-2; -4; -16] [-14; -16; 20] 
-15: [-2; 3; -15] [3; 4; -15] [14; -15; -17] 
-14: [-11; -14; 16] [-4; 7; -14] [-14; -16; 20] 
-13: [-10; -13; 16] 
-11: [2; 7; -11] [-11; -14; 16] [-2; 5; -11] [-11; 13; 14] 
-10: [-10; -13; 16] [-9; -10; 15] 
-9: [-9; -10; 15] 
-8: [-8; 13; 20] 
-4: [-2; -4; -16] [-4; 7; -14] 
-2: [-2; 5; -11] [-2; 3; -15] [-2; -4; -16] 
2: [2; 7; -11] 
3: [3; 14; -16] [-2; 3; -15] [3; 4; -15] 
4: [3; 4; -15] 
5: [-2; 5; -11] 
7: [2; 7; -11] [-4; 7; -14] 
13: [-8; 13; 20] [-11; 13; 14] 
14: [3; 14; -16] [14; -15; -17] [-11; 13; 14] 
15: [-9; -10; 15] 
16: [-10; -13; 16] [-11; -14; 16] 
20: [-8; 13; 20] [-14; -16; 20] 

Select: -2
Choice: -2
Assignment: -1 -2 -3 0 -5 6 -7 8 9 10 11 12 0 0 0 0 17 18 -19 -20 

Extraction:
29: [-2; 5; -11]
32: [-2; 3; -15]
61: [-2; -4; -16]

New map:
-17: [14; -15; -17] 
-16: [3; 14; -16] [-14; -16; 20] 
-15: [3; 4; -15] [14; -15; -17] 
-14: [-11; -14; 16] [-4; 7; -14] [-14; -16; 20] 
-13: [-10; -13; 16] 
-11: [2; 7; -11] [-11; -14; 16] [-11; 13; 14] 
-10: [-10; -13; 16] [-9; -10; 15] 
-9: [-9; -10; 15] 
-8: [-8; 13; 20] 
-4: [-4; 7; -14] 
2: [2; 7; -11] 
3: [3; 14; -16] [3; 4; -15] 
4: [3; 4; -15] 
7: [2; 7; -11] [-4; 7; -14] 
13: [-8; 13; 20] [-11; 13; 14] 
14: [3; 14; -16] [14; -15; -17] [-11; 13; 14] 
15: [-9; -10; 15] 
16: [-10; -13; 16] [-11; -14; 16] 
20: [-8; 13; 20] [-14; -16; 20] 

Flush: [-2; -5; 11; 9; 6; -20; -7; -19; 8][-3][18; -1; 12][17][10]
Restore: [-2; -5; 11; 9; 6; -20; -7; -19; 8][-3][18; -1; 12][17][10]
Assignment: -1 0 -3 0 -5 6 -7 8 9 10 11 12 0 0 0 0 17 18 -19 -20 

Assignment: -1 0 -3 0 0 6 -7 8 9 10 11 12 0 0 0 0 17 18 -19 -20 

Assignment: -1 0 -3 0 0 6 -7 8 9 10 0 12 0 0 0 0 17 18 -19 -20 

Assignment: -1 0 -3 0 0 6 -7 8 0 10 0 12 0 0 0 0 17 18 -19 -20 

Assignment: -1 0 -3 0 0 0 -7 8 0 10 0 12 0 0 0 0 17 18 -19 -20 

Assignment: -1 0 -3 0 0 0 -7 8 0 10 0 12 0 0 0 0 17 18 -19 0 

Assignment: -1 0 -3 0 0 0 0 8 0 10 0 12 0 0 0 0 17 18 -19 0 

Assignment: -1 0 -3 0 0 0 0 8 0 10 0 12 0 0 0 0 17 18 0 0 

Assignment: -1 0 -3 0 0 0 0 0 0 10 0 12 0 0 0 0 17 18 0 0 

Gamble: -8
Assignment: -1 0 -3 0 0 0 0 -8 0 10 0 12 0 0 0 0 17 18 0 0 

Select: -15
Select: -7
Select: -15
Choice: -15
Assignment: -1 0 -3 0 0 0 0 -8 0 10 0 12 0 0 -15 0 17 18 0 0 

Extraction:
0: [1; 8; -15]
32: [-2; 3; -15]
35: [9; -15; -17]
42: [3; 4; -15]
44: [8; -15; 19]
63: [14; -15; -17]
66: [8; -12; -15]

New map:
-20: [11; -12; -20] [7; -10; -20] 
-19: [-12; 13; -19] 
-18: [-7; 16; -18] [6; 14; -18] 
-17: [11; 16; -17] 
-16: [3; 14; -16] [-2; -4; -16] [-14; -16; 20] 
-14: [-11; -14; 16] [-4; 7; -14] [-14; -16; 20] 
-13: [-10; -13; 16] [4; 9; -13] 
-12: [11; -12; -20] [5; 6; -12] [-12; 13; -19] [7; 9; -12] 
-11: [2; 7; -11] [-11; -14; 16] [-2; 5; -11] [-5; -9; -11] [-11; 13; 14] 
-10: [-10; -13; 16] [7; -10; -20] [-9; -10; 15] 
-9: [8; -9; 11] [-5; -9; -11] [-9; -10; 15] 
-7: [-7; 16; -18] [3; -7; 8] [1; -7; 19] 
-6: [-6; 11; 20] [-4; -5; -6] 
-5: [-4; -5; 9] [-4; -5; -6] [-5; -9; -11] 
-4: [-4; -5; 9] [-4; -5; -6] [-2; -4; -16] [-4; 7; -14] 
-2: [-2; 5; -11] [-2; -4; -16] 
1: [1; -7; 19] 
2: [2; 7; -11] 
3: [3; 14; -16] [3; -7; 8] [3; 6; 19] 
4: [4; 9; -13] 
5: [-2; 5; -11] [5; 6; -12] 
6: [5; 6; -12] [3; 6; 19] [6; 14; -18] 
7: [2; 7; -11] [7; -10; -20] [7; 9; -12] [-4; 7; -14] 
8: [8; -9; 11] [3; -7; 8] [8; 13; 16] 
9: [-4; -5; 9] [4; 9; -13] [7; 9; -12] 
11: [11; -12; -20] [11; 16; -17] [-6; 11; 20] [8; -9; 11] 
13: [8; 13; 16] [-12; 13; -19] [-11; 13; 14] 
14: [3; 14; -16] [6; 14; -18] [-11; 13; 14] 
15: [-9; -10; 15] 
16: [-10; -13; 16] [11; 16; -17] [-11; -14; 16] [-7; 16; -18] [8; 13; 16] 
19: [1; -7; 19] [3; 6; 19] 
20: [-6; 11; 20] [-14; -16; 20] 

Select: -9
Choice: -9
Assignment: -1 0 -3 0 0 0 0 -8 -9 10 0 12 0 0 -15 0 17 18 0 0 

Extraction:
22: [8; -9; 11]
65: [-5; -9; -11]
79: [-9; -10; 15]

New map:
-20: [11; -12; -20] [7; -10; -20] 
-19: [-12; 13; -19] 
-18: [-7; 16; -18] [6; 14; -18] 
-17: [11; 16; -17] 
-16: [3; 14; -16] [-2; -4; -16] [-14; -16; 20] 
-14: [-11; -14; 16] [-4; 7; -14] [-14; -16; 20] 
-13: [-10; -13; 16] [4; 9; -13] 
-12: [11; -12; -20] [5; 6; -12] [-12; 13; -19] [7; 9; -12] 
-11: [2; 7; -11] [-11; -14; 16] [-2; 5; -11] [-11; 13; 14] 
-10: [-10; -13; 16] [7; -10; -20] 
-7: [-7; 16; -18] [3; -7; 8] [1; -7; 19] 
-6: [-6; 11; 20] [-4; -5; -6] 
-5: [-4; -5; 9] [-4; -5; -6] 
-4: [-4; -5; 9] [-4; -5; -6] [-2; -4; -16] [-4; 7; -14] 
-2: [-2; 5; -11] [-2; -4; -16] 
1: [1; -7; 19] 
2: [2; 7; -11] 
3: [3; 14; -16] [3; -7; 8] [3; 6; 19] 
4: [4; 9; -13] 
5: [-2; 5; -11] [5; 6; -12] 
6: [5; 6; -12] [3; 6; 19] [6; 14; -18] 
7: [2; 7; -11] [7; -10; -20] [7; 9; -12] [-4; 7; -14] 
8: [3; -7; 8] [8; 13; 16] 
9: [-4; -5; 9] [4; 9; -13] [7; 9; -12] 
11: [11; -12; -20] [11; 16; -17] [-6; 11; 20] 
13: [8; 13; 16] [-12; 13; -19] [-11; 13; 14] 
14: [3; 14; -16] [6; 14; -18] [-11; 13; 14] 
16: [-10; -13; 16] [11; 16; -17] [-11; -14; 16] [-7; 16; -18] [8; 13; 16] 
19: [1; -7; 19] [3; 6; 19] 
20: [-6; 11; 20] [-14; -16; 20] 

Select: 7
Choice: -7
Assignment: -1 0 -3 0 0 0 -7 -8 -9 10 0 12 0 0 -15 0 17 18 0 0 

Extraction:
23: [-7; 16; -18]
40: [3; -7; 8]
54: [1; -7; 19]

New map:
-20: [11; -12; -20] [7; -10; -20] 
-19: [-12; 13; -19] 
-18: [6; 14; -18] 
-17: [11; 16; -17] 
-16: [3; 14; -16] [-2; -4; -16] [-14; -16; 20] 
-14: [-11; -14; 16] [-4; 7; -14] [-14; -16; 20] 
-13: [-10; -13; 16] [4; 9; -13] 
-12: [11; -12; -20] [5; 6; -12] [-12; 13; -19] [7; 9; -12] 
-11: [2; 7; -11] [-11; -14; 16] [-2; 5; -11] [-11; 13; 14] 
-10: [-10; -13; 16] [7; -10; -20] 
-6: [-6; 11; 20] [-4; -5; -6] 
-5: [-4; -5; 9] [-4; -5; -6] 
-4: [-4; -5; 9] [-4; -5; -6] [-2; -4; -16] [-4; 7; -14] 
-2: [-2; 5; -11] [-2; -4; -16] 
2: [2; 7; -11] 
3: [3; 14; -16] [3; 6; 19] 
4: [4; 9; -13] 
5: [-2; 5; -11] [5; 6; -12] 
6: [5; 6; -12] [3; 6; 19] [6; 14; -18] 
7: [2; 7; -11] [7; -10; -20] [7; 9; -12] [-4; 7; -14] 
8: [8; 13; 16] 
9: [-4; -5; 9] [4; 9; -13] [7; 9; -12] 
11: [11; -12; -20] [11; 16; -17] [-6; 11; 20] 
13: [8; 13; 16] [-12; 13; -19] [-11; 13; 14] 
14: [3; 14; -16] [6; 14; -18] [-11; 13; 14] 
16: [-10; -13; 16] [11; 16; -17] [-11; -14; 16] [8; 13; 16] 
19: [3; 6; 19] 
20: [-6; 11; 20] [-14; -16; 20] 

Flush: [-7; -9; -15; -8][-3][18; -1; 12][17][10]
Restore: [-7; -9; -15; -8][-3][18; -1; 12][17][10]
Assignment: -1 0 -3 0 0 0 0 -8 -9 10 0 12 0 0 -15 0 17 18 0 0 

Assignment: -1 0 -3 0 0 0 0 -8 0 10 0 12 0 0 -15 0 17 18 0 0 

Assignment: -1 0 -3 0 0 0 0 -8 0 10 0 12 0 0 0 0 17 18 0 0 

Assignment: -1 0 -3 0 0 0 0 0 0 10 0 12 0 0 0 0 17 18 0 0 

Flush: [][-3][18; -1; 12][17][10]
Restore: [][-3][18; -1; 12][17][10]
Flush: [][-3][18; -1; 12][17][10]
Restore: [][-3][18; -1; 12][17][10]
Gamble: -12
Assignment: -1 0 -3 0 0 0 0 0 0 10 0 -12 0 0 0 0 17 18 0 0 

Select: -2
Select: 7
Choice: -2
Assignment: -1 -2 -3 0 0 0 0 0 0 10 0 -12 0 0 0 0 17 18 0 0 

Extraction:
29: [-2; 5; -11]
30: [-2; -10; 12]
31: [-2; -3; -7]
32: [-2; 3; -15]
41: [-1; -2; 15]
61: [-2; -4; -16]

New map:
-20: [7; -10; -20] 
-19: [-8; -17; -19] 
-18: [-7; 16; -18] [6; 14; -18] 
-17: [11; 16; -17] [-8; -17; -19] [9; -15; -17] [14; -15; -17] 
-16: [3; 14; -16] [-14; -16; 20] 
-15: [1; 8; -15] [9; -15; -17] [3; 4; -15] [8; -15; 19] [14; -15; -17] 
-14: [-11; -14; 16] [2; -14; 18] [-4; 7; -14] [-14; -16; 20] 
-13: [-10; -13; 16] [4; 9; -13] 
-11: [2; 7; -11] [-11; -14; 16] [-5; -9; -11] [-11; 13; 14] 
-10: [-10; -13; 16] [7; -10; -20] [-9; -10; 15] 
-9: [8; -9; 11] [2; -9; 12] [-5; -9; -11] [-9; -10; 15] 
-8: [-8; -17; -19] [-3; 5; -8] [-8; 12; 16] [-8; 13; 20] [-5; -8; 14] 
-7: [-7; 16; -18] [3; -7; 8] [-3; 4; -7] [1; -7; 19] 
-6: [-6; 11; 20] [-1; -3; -6] [-4; -5; -6] [-3; -6; 18] 
-5: [-5; 18; 19] [-4; -5; 9] [-4; -5; -6] [-5; -9; -11] [-5; -8; 14] 
-4: [-4; -5; 9] [-4; -5; -6] [-4; 7; -14] 
-3: [-3; 5; -8] [-1; -3; -6] [-3; 4; -7] [-3; -6; 18] 
-1: [-1; -3; -6] 
1: [1; 8; -15] [1; 9; 18] [1; 7; 12] [1; -7; 19] 
2: [2; 12; 13] [2; 7; -11] [2; -14; 18] [2; -9; 12] 
3: [3; 14; -16] [3; -7; 8] [3; 4; -15] [3; 6; 19] 
4: [3; 4; -15] [4; 9; -13] [-3; 4; -7] 
5: [-3; 5; -8] 
6: [3; 6; 19] [6; 14; -18] 
7: [2; 7; -11] [1; 7; 12] [7; -10; -20] [-4; 7; -14] 
8: [1; 8; -15] [8; -9; 11] [3; -7; 8] [8; -15; 19] [8; 13; 16] 
9: [1; 9; 18] [9; -15; -17] [9; 12; 16] [-4; -5; 9] [4; 9; -13] 
11: [11; 16; -17] [-6; 11; 20] [8; -9; 11] 
12: [2; 12; 13] [1; 7; 12] [9; 12; 16] [2; -9; 12] [-8; 12; 16] 
13: [2; 12; 13] [8; 13; 16] [-8; 13; 20] [-11; 13; 14] 
14: [3; 14; -16] [14; -15; -17] [-5; -8; 14] [6; 14; -18] [-11; 13; 14] 
15: [-9; -10; 15] 
16: [-10; -13; 16] [11; 16; -17] [-11; -14; 16] [-7; 16; -18] [9; 12; 16] [-8; 12; 16] [8; 13; 16] 
18: [1; 9; 18] [-5; 18; 19] [2; -14; 18] [-3; -6; 18] 
19: [-5; 18; 19] [8; -15; 19] [1; -7; 19] [3; 6; 19] 
20: [-6; 11; 20] [-8; 13; 20] [-14; -16; 20] 

Select: -9
Select: -14
Select: 13
Choice: -14
Assignment: -1 -2 -3 0 0 0 0 0 0 10 0 -12 0 -14 0 0 17 18 0 0 

Extraction:
21: [-11; -14; 16]
24: [2; -14; 18]
72: [-4; 7; -14]
76: [-14; -16; 20]

New map:
-20: [7; -10; -20] 
-19: [-8; -17; -19] 
-18: [-7; 16; -18] [6; 14; -18] 
-17: [11; 16; -17] [-8; -17; -19] [9; -15; -17] [14; -15; -17] 
-16: [3; 14; -16] 
-15: [1; 8; -15] [9; -15; -17] [3; 4; -15] [8; -15; 19] [14; -15; -17] 
-13: [-10; -13; 16] [4; 9; -13] 
-11: [2; 7; -11] [-5; -9; -11] [-11; 13; 14] 
-10: [-10; -13; 16] [7; -10; -20] [-9; -10; 15] 
-9: [8; -9; 11] [2; -9; 12] [-5; -9; -11] [-9; -10; 15] 
-8: [-8; -17; -19] [-3; 5; -8] [-8; 12; 16] [-8; 13; 20] [-5; -8; 14] 
-7: [-7; 16; -18] [3; -7; 8] [-3; 4; -7] [1; -7; 19] 
-6: [-6; 11; 20] [-1; -3; -6] [-4; -5; -6] [-3; -6; 18] 
-5: [-5; 18; 19] [-4; -5; 9] [-4; -5; -6] [-5; -9; -11] [-5; -8; 14] 
-4: [-4; -5; 9] [-4; -5; -6] 
-3: [-3; 5; -8] [-1; -3; -6] [-3; 4; -7] [-3; -6; 18] 
-1: [-1; -3; -6] 
1: [1; 8; -15] [1; 9; 18] [1; 7; 12] [1; -7; 19] 
2: [2; 12; 13] [2; 7; -11] [2; -9; 12] 
3: [3; 14; -16] [3; -7; 8] [3; 4; -15] [3; 6; 19] 
4: [3; 4; -15] [4; 9; -13] [-3; 4; -7] 
5: [-3; 5; -8] 
6: [3; 6; 19] [6; 14; -18] 
7: [2; 7; -11] [1; 7; 12] [7; -10; -20] 
8: [1; 8; -15] [8; -9; 11] [3; -7; 8] [8; -15; 19] [8; 13; 16] 
9: [1; 9; 18] [9; -15; -17] [9; 12; 16] [-4; -5; 9] [4; 9; -13] 
11: [11; 16; -17] [-6; 11; 20] [8; -9; 11] 
12: [2; 12; 13] [1; 7; 12] [9; 12; 16] [2; -9; 12] [-8; 12; 16] 
13: [2; 12; 13] [8; 13; 16] [-8; 13; 20] [-11; 13; 14] 
14: [3; 14; -16] [14; -15; -17] [-5; -8; 14] [6; 14; -18] [-11; 13; 14] 
15: [-9; -10; 15] 
16: [-10; -13; 16] [11; 16; -17] [-7; 16; -18] [9; 12; 16] [-8; 12; 16] [8; 13; 16] 
18: [1; 9; 18] [-5; 18; 19] [-3; -6; 18] 
19: [-5; 18; 19] [8; -15; 19] [1; -7; 19] [3; 6; 19] 
20: [-6; 11; 20] [-8; 13; 20] 

Select: 6
Select: -15
Select: -16
Choice: -16
Assignment: -1 -2 -3 0 0 0 0 0 0 10 0 -12 0 -14 0 -16 17 18 0 0 

Extraction:
12: [3; 14; -16]

New map:
-20: [7; -10; -20] 
-19: [-8; -17; -19] 
-18: [-7; 16; -18] [6; 14; -18] 
-17: [11; 16; -17] [-8; -17; -19] [9; -15; -17] [14; -15; -17] 
-15: [1; 8; -15] [9; -15; -17] [3; 4; -15] [8; -15; 19] [14; -15; -17] 
-13: [-10; -13; 16] [4; 9; -13] 
-11: [2; 7; -11] [-5; -9; -11] [-11; 13; 14] 
-10: [-10; -13; 16] [7; -10; -20] [-9; -10; 15] 
-9: [8; -9; 11] [2; -9; 12] [-5; -9; -11] [-9; -10; 15] 
-8: [-8; -17; -19] [-3; 5; -8] [-8; 12; 16] [-8; 13; 20] [-5; -8; 14] 
-7: [-7; 16; -18] [3; -7; 8] [-3; 4; -7] [1; -7; 19] 
-6: [-6; 11; 20] [-1; -3; -6] [-4; -5; -6] [-3; -6; 18] 
-5: [-5; 18; 19] [-4; -5; 9] [-4; -5; -6] [-5; -9; -11] [-5; -8; 14] 
-4: [-4; -5; 9] [-4; -5; -6] 
-3: [-3; 5; -8] [-1; -3; -6] [-3; 4; -7] [-3; -6; 18] 
-1: [-1; -3; -6] 
1: [1; 8; -15] [1; 9; 18] [1; 7; 12] [1; -7; 19] 
2: [2; 12; 13] [2; 7; -11] [2; -9; 12] 
3: [3; -7; 8] [3; 4; -15] [3; 6; 19] 
4: [3; 4; -15] [4; 9; -13] [-3; 4; -7] 
5: [-3; 5; -8] 
6: [3; 6; 19] [6; 14; -18] 
7: [2; 7; -11] [1; 7; 12] [7; -10; -20] 
8: [1; 8; -15] [8; -9; 11] [3; -7; 8] [8; -15; 19] [8; 13; 16] 
9: [1; 9; 18] [9; -15; -17] [9; 12; 16] [-4; -5; 9] [4; 9; -13] 
11: [11; 16; -17] [-6; 11; 20] [8; -9; 11] 
12: [2; 12; 13] [1; 7; 12] [9; 12; 16] [2; -9; 12] [-8; 12; 16] 
13: [2; 12; 13] [8; 13; 16] [-8; 13; 20] [-11; 13; 14] 
14: [14; -15; -17] [-5; -8; 14] [6; 14; -18] [-11; 13; 14] 
15: [-9; -10; 15] 
16: [-10; -13; 16] [11; 16; -17] [-7; 16; -18] [9; 12; 16] [-8; 12; 16] [8; 13; 16] 
18: [1; 9; 18] [-5; 18; 19] [-3; -6; 18] 
19: [-5; 18; 19] [8; -15; 19] [1; -7; 19] [3; 6; 19] 
20: [-6; 11; 20] [-8; 13; 20] 

Select: -8
Select: 9
Select: -7
Select: 11
Select: -13
Choice: -15
Assignment: -1 -2 -3 0 0 0 0 0 0 10 0 -12 0 -14 -15 -16 17 18 0 0 

Extraction:
0: [1; 8; -15]
35: [9; -15; -17]
42: [3; 4; -15]
44: [8; -15; 19]
63: [14; -15; -17]

New map:
-20: [7; -10; -20] 
-19: [-8; -17; -19] 
-18: [-7; 16; -18] [6; 14; -18] 
-17: [11; 16; -17] [-8; -17; -19] 
-13: [-10; -13; 16] [4; 9; -13] 
-11: [2; 7; -11] [-5; -9; -11] [-11; 13; 14] 
-10: [-10; -13; 16] [7; -10; -20] [-9; -10; 15] 
-9: [8; -9; 11] [2; -9; 12] [-5; -9; -11] [-9; -10; 15] 
-8: [-8; -17; -19] [-3; 5; -8] [-8; 12; 16] [-8; 13; 20] [-5; -8; 14] 
-7: [-7; 16; -18] [3; -7; 8] [-3; 4; -7] [1; -7; 19] 
-6: [-6; 11; 20] [-1; -3; -6] [-4; -5; -6] [-3; -6; 18] 
-5: [-5; 18; 19] [-4; -5; 9] [-4; -5; -6] [-5; -9; -11] [-5; -8; 14] 
-4: [-4; -5; 9] [-4; -5; -6] 
-3: [-3; 5; -8] [-1; -3; -6] [-3; 4; -7] [-3; -6; 18] 
-1: [-1; -3; -6] 
1: [1; 9; 18] [1; 7; 12] [1; -7; 19] 
2: [2; 12; 13] [2; 7; -11] [2; -9; 12] 
3: [3; -7; 8] [3; 6; 19] 
4: [4; 9; -13] [-3; 4; -7] 
5: [-3; 5; -8] 
6: [3; 6; 19] [6; 14; -18] 
7: [2; 7; -11] [1; 7; 12] [7; -10; -20] 
8: [8; -9; 11] [3; -7; 8] [8; 13; 16] 
9: [1; 9; 18] [9; 12; 16] [-4; -5; 9] [4; 9; -13] 
11: [11; 16; -17] [-6; 11; 20] [8; -9; 11] 
12: [2; 12; 13] [1; 7; 12] [9; 12; 16] [2; -9; 12] [-8; 12; 16] 
13: [2; 12; 13] [8; 13; 16] [-8; 13; 20] [-11; 13; 14] 
14: [-5; -8; 14] [6; 14; -18] [-11; 13; 14] 
15: [-9; -10; 15] 
16: [-10; -13; 16] [11; 16; -17] [-7; 16; -18] [9; 12; 16] [-8; 12; 16] [8; 13; 16] 
18: [1; 9; 18] [-5; 18; 19] [-3; -6; 18] 
19: [-5; 18; 19] [1; -7; 19] [3; 6; 19] 
20: [-6; 11; 20] [-8; 13; 20] 

Select: -9
Choice: -13
Assignment: -1 -2 -3 0 0 0 0 0 0 10 0 -12 -13 -14 -15 -16 17 18 0 0 

Extraction:
1: [-10; -13; 16]
49: [4; 9; -13]

New map:
-20: [7; -10; -20] 
-19: [-8; -17; -19] 
-18: [-7; 16; -18] [6; 14; -18] 
-17: [11; 16; -17] [-8; -17; -19] 
-11: [2; 7; -11] [-5; -9; -11] [-11; 13; 14] 
-10: [7; -10; -20] [-9; -10; 15] 
-9: [8; -9; 11] [2; -9; 12] [-5; -9; -11] [-9; -10; 15] 
-8: [-8; -17; -19] [-3; 5; -8] [-8; 12; 16] [-8; 13; 20] [-5; -8; 14] 
-7: [-7; 16; -18] [3; -7; 8] [-3; 4; -7] [1; -7; 19] 
-6: [-6; 11; 20] [-1; -3; -6] [-4; -5; -6] [-3; -6; 18] 
-5: [-5; 18; 19] [-4; -5; 9] [-4; -5; -6] [-5; -9; -11] [-5; -8; 14] 
-4: [-4; -5; 9] [-4; -5; -6] 
-3: [-3; 5; -8] [-1; -3; -6] [-3; 4; -7] [-3; -6; 18] 
-1: [-1; -3; -6] 
1: [1; 9; 18] [1; 7; 12] [1; -7; 19] 
2: [2; 12; 13] [2; 7; -11] [2; -9; 12] 
3: [3; -7; 8] [3; 6; 19] 
4: [-3; 4; -7] 
5: [-3; 5; -8] 
6: [3; 6; 19] [6; 14; -18] 
7: [2; 7; -11] [1; 7; 12] [7; -10; -20] 
8: [8; -9; 11] [3; -7; 8] [8; 13; 16] 
9: [1; 9; 18] [9; 12; 16] [-4; -5; 9] 
11: [11; 16; -17] [-6; 11; 20] [8; -9; 11] 
12: [2; 12; 13] [1; 7; 12] [9; 12; 16] [2; -9; 12] [-8; 12; 16] 
13: [2; 12; 13] [8; 13; 16] [-8; 13; 20] [-11; 13; 14] 
14: [-5; -8; 14] [6; 14; -18] [-11; 13; 14] 
15: [-9; -10; 15] 
16: [11; 16; -17] [-7; 16; -18] [9; 12; 16] [-8; 12; 16] [8; 13; 16] 
18: [1; 9; 18] [-5; 18; 19] [-3; -6; 18] 
19: [-5; 18; 19] [1; -7; 19] [3; 6; 19] 
20: [-6; 11; 20] [-8; 13; 20] 

Select: -11
Select: 8
Flush: [-13; -15; -16; -14; -2; -12][-3][18; -1; 12][17][10]
Restore: [-13; -15; -16; -14; -2; -12][-3][18; -1; 12][17][10]
Assignment: -1 -2 -3 0 0 0 0 0 0 10 0 -12 0 -14 -15 -16 17 18 0 0 

Assignment: -1 -2 -3 0 0 0 0 0 0 10 0 -12 0 -14 0 -16 17 18 0 0 

Assignment: -1 -2 -3 0 0 0 0 0 0 10 0 -12 0 -14 0 0 17 18 0 0 

Assignment: -1 -2 -3 0 0 0 0 0 0 10 0 -12 0 0 0 0 17 18 0 0 

Assignment: -1 0 -3 0 0 0 0 0 0 10 0 -12 0 0 0 0 17 18 0 0 

Assignment: -1 0 -3 0 0 0 0 0 0 10 0 0 0 0 0 0 17 18 0 0 

Flush: [][-3][18; -1; 12][17][10]
Restore: [][-3][18; -1; 12][17][10]
Gamble: -17
Assignment: -1 0 -3 0 0 0 0 0 0 10 0 0 0 0 0 0 -17 18 0 0 

Select: -4
Select: 5
Flush: [-17][-3][18; -1; 12][17][10]
Restore: [-17][-3][18; -1; 12][17][10]
Assignment: -1 0 -3 0 0 0 0 0 0 10 0 0 0 0 0 0 0 18 0 0 

Flush: [][-3][18; -1; 12][17][10]
Restore: [][-3][18; -1; 12][17][10]
Gamble: -10
Assignment: -1 0 -3 0 0 0 0 0 0 -10 0 0 0 0 0 0 0 18 0 0 

Select: -13
Select: 9
Choice: -13
Assignment: -1 0 -3 0 0 0 0 0 0 -10 0 0 -13 0 0 0 0 18 0 0 

Extraction:
16: [-13; 14; 17]
43: [-4; 10; -13]
49: [4; 9; -13]
62: [-3; 10; -13]

New map:
-20: [11; -12; -20] 
-19: [-8; -17; -19] [-7; 17; -19] [-3; -12; -19] [-12; 13; -19] 
-18: [-7; 16; -18] [6; 14; -18] 
-17: [11; 16; -17] [-8; -17; -19] [-5; 10; -17] [9; -15; -17] [-1; -12; -17] [14; -15; -17] 
-16: [3; 14; -16] [-2; -4; -16] [-14; -16; 20] 
-15: [1; 8; -15] [7; 10; -15] [-2; 3; -15] [9; -15; -17] [-1; -12; -15] [3; 4; -15] [8; -15; 19] [14; -15; -17] [8; -12; -15] 
-14: [7; -14; 17] [-11; -14; 16] [2; -14; 18] [-4; 7; -14] [-14; -16; 20] 
-12: [11; -12; -20] [-3; -8; -12] [-1; -12; -15] [5; 6; -12] [-3; -12; -19] [-1; -12; -17] [-12; 13; -19] [8; -12; -15] [7; 9; -12] 
-11: [2; 7; -11] [-11; -14; 16] [-1; -11; 17] [-2; 5; -11] [-5; -9; -11] [-11; 13; 14] 
-9: [-9; 10; 19] [8; -9; 11] [2; -9; 12] [-5; -9; -11] 
-8: [-8; -17; -19] [-3; -8; -12] [-8; 9; 10] [-3; 5; -8] [-8; 12; 16] [-8; 13; 20] [-5; -8; 14] 
-7: [-7; 16; -18] [-2; -3; -7] [3; -7; 8] [-3; 4; -7] [-7; 17; -19] [1; -7; 19] [-7; 10; 11] 
-6: [2; -6; 17] [-6; 11; 20] [-1; -3; -6] [-4; -5; -6] [-3; -6; 18] [-6; 10; 11] 
-5: [-5; 18; 19] [-5; 10; -17] [-4; -5; 9] [-5; 10; 17] [-4; -5; -6] [-5; -9; -11] [-5; -8; 14] 
-4: [-4; -5; 9] [-4; -5; -6] [-2; -4; -16] [-1; -4; 17] [-4; 7; -14] 
-3: [-3; -8; -12] [-3; 5; -8] [-1; -3; -6] [-2; -3; -7] [-3; 4; -7] [-3; 17; 18] [-3; -12; -19] [-3; -6; 18] 
-2: [-2; 5; -11] [-2; -3; -7] [-2; 3; -15] [-1; -2; 15] [-2; 8; 10] [-2; -4; -16] 
-1: [-1; 9; 17] [-1; -11; 17] [-1; -3; -6] [-1; -12; -15] [-1; -2; 15] [-1; -12; -17] [-1; -4; 17] 
1: [1; 8; -15] [1; 9; 18] [1; 7; 12] [1; -7; 19] 
2: [2; 12; 13] [2; 7; -11] [2; -6; 17] [2; -14; 18] [2; -9; 12] 
3: [3; 14; -16] [-2; 3; -15] [3; 9; 10] [3; -7; 8] [3; 4; -15] [3; 6; 19] 
4: [3; 4; -15] [-3; 4; -7] 
5: [-3; 5; -8] [-2; 5; -11] [5; 6; -12] [5; 17; 18] 
6: [5; 6; -12] [3; 6; 19] [6; 14; -18] 
7: [2; 7; -11] [1; 7; 12] [7; -14; 17] [7; 10; -15] [7; 9; -12] [-4; 7; -14] 
8: [1; 8; -15] [8; 10; 16] [8; -9; 11] [3; -7; 8] [8; -15; 19] [-2; 8; 10] [8; 13; 16] [8; -12; -15] 
9: [-1; 9; 17] [1; 9; 18] [-8; 9; 10] [3; 9; 10] [9; -15; -17] [9; 12; 16] [-4; -5; 9] [7; 9; -12] 
10: [-9; 10; 19] [-8; 9; 10] [8; 10; 16] [-5; 10; -17] [7; 10; -15] [3; 9; 10] [-2; 8; 10] [-5; 10; 17] [-6; 10; 11] [10; 13; 15] [-7; 10; 11] 
11: [11; -12; -20] [11; 16; -17] [-6; 11; 20] [8; -9; 11] [-6; 10; 11] [-7; 10; 11] 
12: [2; 12; 13] [1; 7; 12] [9; 12; 16] [2; -9; 12] [-8; 12; 16] 
13: [2; 12; 13] [8; 13; 16] [-8; 13; 20] [-12; 13; -19] [-11; 13; 14] [10; 13; 15] 
14: [3; 14; -16] [14; -15; -17] [-5; -8; 14] [6; 14; -18] [-11; 13; 14] 
15: [-1; -2; 15] [10; 13; 15] 
16: [11; 16; -17] [8; 10; 16] [-11; -14; 16] [-7; 16; -18] [9; 12; 16] [-8; 12; 16] [8; 13; 16] 
17: [-1; 9; 17] [7; -14; 17] [2; -6; 17] [-1; -11; 17] [-5; 10; 17] [-3; 17; 18] [5; 17; 18] [-7; 17; -19] [-1; -4; 17] 
18: [1; 9; 18] [-5; 18; 19] [2; -14; 18] [-3; 17; 18] [5; 17; 18] [-3; -6; 18] 
19: [-9; 10; 19] [-5; 18; 19] [8; -15; 19] [1; -7; 19] [3; 6; 19] 
20: [-6; 11; 20] [-8; 13; 20] [-14; -16; 20] 

Select: 15
Choice: 9
Assignment: -1 0 -3 0 0 0 0 0 9 -10 0 0 -13 0 0 0 0 18 0 0 

Extraction:
6: [-1; 9; 17]
10: [1; 9; 18]
13: [-8; 9; 10]
34: [3; 9; 10]
35: [9; -15; -17]
37: [9; 12; 16]
38: [-4; -5; 9]
71: [7; 9; -12]

New map:
-20: [11; -12; -20] 
-19: [-8; -17; -19] [-7; 17; -19] [-3; -12; -19] [-12; 13; -19] 
-18: [-7; 16; -18] [6; 14; -18] 
-17: [11; 16; -17] [-8; -17; -19] [-5; 10; -17] [-1; -12; -17] [14; -15; -17] 
-16: [3; 14; -16] [-2; -4; -16] [-14; -16; 20] 
-15: [1; 8; -15] [7; 10; -15] [-2; 3; -15] [-1; -12; -15] [3; 4; -15] [8; -15; 19] [14; -15; -17] [8; -12; -15] 
-14: [7; -14; 17] [-11; -14; 16] [2; -14; 18] [-4; 7; -14] [-14; -16; 20] 
-12: [11; -12; -20] [-3; -8; -12] [-1; -12; -15] [5; 6; -12] [-3; -12; -19] [-1; -12; -17] [-12; 13; -19] [8; -12; -15] 
-11: [2; 7; -11] [-11; -14; 16] [-1; -11; 17] [-2; 5; -11] [-5; -9; -11] [-11; 13; 14] 
-9: [-9; 10; 19] [8; -9; 11] [2; -9; 12] [-5; -9; -11] 
-8: [-8; -17; -19] [-3; -8; -12] [-3; 5; -8] [-8; 12; 16] [-8; 13; 20] [-5; -8; 14] 
-7: [-7; 16; -18] [-2; -3; -7] [3; -7; 8] [-3; 4; -7] [-7; 17; -19] [1; -7; 19] [-7; 10; 11] 
-6: [2; -6; 17] [-6; 11; 20] [-1; -3; -6] [-4; -5; -6] [-3; -6; 18] [-6; 10; 11] 
-5: [-5; 18; 19] [-5; 10; -17] [-5; 10; 17] [-4; -5; -6] [-5; -9; -11] [-5; -8; 14] 
-4: [-4; -5; -6] [-2; -4; -16] [-1; -4; 17] [-4; 7; -14] 
-3: [-3; -8; -12] [-3; 5; -8] [-1; -3; -6] [-2; -3; -7] [-3; 4; -7] [-3; 17; 18] [-3; -12; -19] [-3; -6; 18] 
-2: [-2; 5; -11] [-2; -3; -7] [-2; 3; -15] [-1; -2; 15] [-2; 8; 10] [-2; -4; -16] 
-1: [-1; -11; 17] [-1; -3; -6] [-1; -12; -15] [-1; -2; 15] [-1; -12; -17] [-1; -4; 17] 
1: [1; 8; -15] [1; 7; 12] [1; -7; 19] 
2: [2; 12; 13] [2; 7; -11] [2; -6; 17] [2; -14; 18] [2; -9; 12] 
3: [3; 14; -16] [-2; 3; -15] [3; -7; 8] [3; 4; -15] [3; 6; 19] 
4: [3; 4; -15] [-3; 4; -7] 
5: [-3; 5; -8] [-2; 5; -11] [5; 6; -12] [5; 17; 18] 
6: [5; 6; -12] [3; 6; 19] [6; 14; -18] 
7: [2; 7; -11] [1; 7; 12] [7; -14; 17] [7; 10; -15] [-4; 7; -14] 
8: [1; 8; -15] [8; 10; 16] [8; -9; 11] [3; -7; 8] [8; -15; 19] [-2; 8; 10] [8; 13; 16] [8; -12; -15] 
10: [-9; 10; 19] [8; 10; 16] [-5; 10; -17] [7; 10; -15] [-2; 8; 10] [-5; 10; 17] [-6; 10; 11] [10; 13; 15] [-7; 10; 11] 
11: [11; -12; -20] [11; 16; -17] [-6; 11; 20] [8; -9; 11] [-6; 10; 11] [-7; 10; 11] 
12: [2; 12; 13] [1; 7; 12] [2; -9; 12] [-8; 12; 16] 
13: [2; 12; 13] [8; 13; 16] [-8; 13; 20] [-12; 13; -19] [-11; 13; 14] [10; 13; 15] 
14: [3; 14; -16] [14; -15; -17] [-5; -8; 14] [6; 14; -18] [-11; 13; 14] 
15: [-1; -2; 15] [10; 13; 15] 
16: [11; 16; -17] [8; 10; 16] [-11; -14; 16] [-7; 16; -18] [-8; 12; 16] [8; 13; 16] 
17: [7; -14; 17] [2; -6; 17] [-1; -11; 17] [-5; 10; 17] [-3; 17; 18] [5; 17; 18] [-7; 17; -19] [-1; -4; 17] 
18: [-5; 18; 19] [2; -14; 18] [-3; 17; 18] [5; 17; 18] [-3; -6; 18] 
19: [-9; 10; 19] [-5; 18; 19] [8; -15; 19] [1; -7; 19] [3; 6; 19] 
20: [-6; 11; 20] [-8; 13; 20] [-14; -16; 20] 

Select: 19
Choice: 15
Assignment: -1 0 -3 0 0 0 0 0 9 -10 0 0 -13 0 15 0 0 18 0 0 

Extraction:
41: [-1; -2; 15]
77: [10; 13; 15]

New map:
-20: [11; -12; -20] 
-19: [-8; -17; -19] [-7; 17; -19] [-3; -12; -19] [-12; 13; -19] 
-18: [-7; 16; -18] [6; 14; -18] 
-17: [11; 16; -17] [-8; -17; -19] [-5; 10; -17] [-1; -12; -17] [14; -15; -17] 
-16: [3; 14; -16] [-2; -4; -16] [-14; -16; 20] 
-15: [1; 8; -15] [7; 10; -15] [-2; 3; -15] [-1; -12; -15] [3; 4; -15] [8; -15; 19] [14; -15; -17] [8; -12; -15] 
-14: [7; -14; 17] [-11; -14; 16] [2; -14; 18] [-4; 7; -14] [-14; -16; 20] 
-12: [11; -12; -20] [-3; -8; -12] [-1; -12; -15] [5; 6; -12] [-3; -12; -19] [-1; -12; -17] [-12; 13; -19] [8; -12; -15] 
-11: [2; 7; -11] [-11; -14; 16] [-1; -11; 17] [-2; 5; -11] [-5; -9; -11] [-11; 13; 14] 
-9: [-9; 10; 19] [8; -9; 11] [2; -9; 12] [-5; -9; -11] 
-8: [-8; -17; -19] [-3; -8; -12] [-3; 5; -8] [-8; 12; 16] [-8; 13; 20] [-5; -8; 14] 
-7: [-7; 16; -18] [-2; -3; -7] [3; -7; 8] [-3; 4; -7] [-7; 17; -19] [1; -7; 19] [-7; 10; 11] 
-6: [2; -6; 17] [-6; 11; 20] [-1; -3; -6] [-4; -5; -6] [-3; -6; 18] [-6; 10; 11] 
-5: [-5; 18; 19] [-5; 10; -17] [-5; 10; 17] [-4; -5; -6] [-5; -9; -11] [-5; -8; 14] 
-4: [-4; -5; -6] [-2; -4; -16] [-1; -4; 17] [-4; 7; -14] 
-3: [-3; -8; -12] [-3; 5; -8] [-1; -3; -6] [-2; -3; -7] [-3; 4; -7] [-3; 17; 18] [-3; -12; -19] [-3; -6; 18] 
-2: [-2; 5; -11] [-2; -3; -7] [-2; 3; -15] [-2; 8; 10] [-2; -4; -16] 
-1: [-1; -11; 17] [-1; -3; -6] [-1; -12; -15] [-1; -12; -17] [-1; -4; 17] 
1: [1; 8; -15] [1; 7; 12] [1; -7; 19] 
2: [2; 12; 13] [2; 7; -11] [2; -6; 17] [2; -14; 18] [2; -9; 12] 
3: [3; 14; -16] [-2; 3; -15] [3; -7; 8] [3; 4; -15] [3; 6; 19] 
4: [3; 4; -15] [-3; 4; -7] 
5: [-3; 5; -8] [-2; 5; -11] [5; 6; -12] [5; 17; 18] 
6: [5; 6; -12] [3; 6; 19] [6; 14; -18] 
7: [2; 7; -11] [1; 7; 12] [7; -14; 17] [7; 10; -15] [-4; 7; -14] 
8: [1; 8; -15] [8; 10; 16] [8; -9; 11] [3; -7; 8] [8; -15; 19] [-2; 8; 10] [8; 13; 16] [8; -12; -15] 
10: [-9; 10; 19] [8; 10; 16] [-5; 10; -17] [7; 10; -15] [-2; 8; 10] [-5; 10; 17] [-6; 10; 11] [-7; 10; 11] 
11: [11; -12; -20] [11; 16; -17] [-6; 11; 20] [8; -9; 11] [-6; 10; 11] [-7; 10; 11] 
12: [2; 12; 13] [1; 7; 12] [2; -9; 12] [-8; 12; 16] 
13: [2; 12; 13] [8; 13; 16] [-8; 13; 20] [-12; 13; -19] [-11; 13; 14] 
14: [3; 14; -16] [14; -15; -17] [-5; -8; 14] [6; 14; -18] [-11; 13; 14] 
16: [11; 16; -17] [8; 10; 16] [-11; -14; 16] [-7; 16; -18] [-8; 12; 16] [8; 13; 16] 
17: [7; -14; 17] [2; -6; 17] [-1; -11; 17] [-5; 10; 17] [-3; 17; 18] [5; 17; 18] [-7; 17; -19] [-1; -4; 17] 
18: [-5; 18; 19] [2; -14; 18] [-3; 17; 18] [5; 17; 18] [-3; -6; 18] 
19: [-9; 10; 19] [-5; 18; 19] [8; -15; 19] [1; -7; 19] [3; 6; 19] 
20: [-6; 11; 20] [-8; 13; 20] [-14; -16; 20] 

Select: 4
Select: -12
Select: -2
Select: 7
Select: 8
Choice: -12
Assignment: -1 0 -3 0 0 0 0 0 9 -10 0 -12 -13 0 15 0 0 18 0 0 

Extraction:
3: [11; -12; -20]
9: [-3; -8; -12]
36: [-1; -12; -15]
48: [5; 6; -12]
58: [-3; -12; -19]
59: [-1; -12; -17]
64: [-12; 13; -19]
66: [8; -12; -15]

New map:
-19: [-8; -17; -19] [-7; 17; -19] 
-18: [-7; 16; -18] [6; 14; -18] 
-17: [11; 16; -17] [-8; -17; -19] [-5; 10; -17] [14; -15; -17] 
-16: [3; 14; -16] [-2; -4; -16] [-14; -16; 20] 
-15: [1; 8; -15] [7; 10; -15] [-2; 3; -15] [3; 4; -15] [8; -15; 19] [14; -15; -17] 
-14: [7; -14; 17] [-11; -14; 16] [2; -14; 18] [-4; 7; -14] [-14; -16; 20] 
-11: [2; 7; -11] [-11; -14; 16] [-1; -11; 17] [-2; 5; -11] [-5; -9; -11] [-11; 13; 14] 
-9: [-9; 10; 19] [8; -9; 11] [2; -9; 12] [-5; -9; -11] 
-8: [-8; -17; -19] [-3; 5; -8] [-8; 12; 16] [-8; 13; 20] [-5; -8; 14] 
-7: [-7; 16; -18] [-2; -3; -7] [3; -7; 8] [-3; 4; -7] [-7; 17; -19] [1; -7; 19] [-7; 10; 11] 
-6: [2; -6; 17] [-6; 11; 20] [-1; -3; -6] [-4; -5; -6] [-3; -6; 18] [-6; 10; 11] 
-5: [-5; 18; 19] [-5; 10; -17] [-5; 10; 17] [-4; -5; -6] [-5; -9; -11] [-5; -8; 14] 
-4: [-4; -5; -6] [-2; -4; -16] [-1; -4; 17] [-4; 7; -14] 
-3: [-3; 5; -8] [-1; -3; -6] [-2; -3; -7] [-3; 4; -7] [-3; 17; 18] [-3; -6; 18] 
-2: [-2; 5; -11] [-2; -3; -7] [-2; 3; -15] [-2; 8; 10] [-2; -4; -16] 
-1: [-1; -11; 17] [-1; -3; -6] [-1; -4; 17] 
1: [1; 8; -15] [1; 7; 12] [1; -7; 19] 
2: [2; 12; 13] [2; 7; -11] [2; -6; 17] [2; -14; 18] [2; -9; 12] 
3: [3; 14; -16] [-2; 3; -15] [3; -7; 8] [3; 4; -15] [3; 6; 19] 
4: [3; 4; -15] [-3; 4; -7] 
5: [-3; 5; -8] [-2; 5; -11] [5; 17; 18] 
6: [3; 6; 19] [6; 14; -18] 
7: [2; 7; -11] [1; 7; 12] [7; -14; 17] [7; 10; -15] [-4; 7; -14] 
8: [1; 8; -15] [8; 10; 16] [8; -9; 11] [3; -7; 8] [8; -15; 19] [-2; 8; 10] [8; 13; 16] 
10: [-9; 10; 19] [8; 10; 16] [-5; 10; -17] [7; 10; -15] [-2; 8; 10] [-5; 10; 17] [-6; 10; 11] [-7; 10; 11] 
11: [11; 16; -17] [-6; 11; 20] [8; -9; 11] [-6; 10; 11] [-7; 10; 11] 
12: [2; 12; 13] [1; 7; 12] [2; -9; 12] [-8; 12; 16] 
13: [2; 12; 13] [8; 13; 16] [-8; 13; 20] [-11; 13; 14] 
14: [3; 14; -16] [14; -15; -17] [-5; -8; 14] [6; 14; -18] [-11; 13; 14] 
16: [11; 16; -17] [8; 10; 16] [-11; -14; 16] [-7; 16; -18] [-8; 12; 16] [8; 13; 16] 
17: [7; -14; 17] [2; -6; 17] [-1; -11; 17] [-5; 10; 17] [-3; 17; 18] [5; 17; 18] [-7; 17; -19] [-1; -4; 17] 
18: [-5; 18; 19] [2; -14; 18] [-3; 17; 18] [5; 17; 18] [-3; -6; 18] 
19: [-9; 10; 19] [-5; 18; 19] [8; -15; 19] [1; -7; 19] [3; 6; 19] 
20: [-6; 11; 20] [-8; 13; 20] [-14; -16; 20] 

Select: 2
Select: 7
Select: 2
Choice: -2
Assignment: -1 -2 -3 0 0 0 0 0 9 -10 0 -12 -13 0 15 0 0 18 0 0 

Extraction:
29: [-2; 5; -11]
31: [-2; -3; -7]
32: [-2; 3; -15]
45: [-2; 8; 10]
61: [-2; -4; -16]

New map:
-19: [-8; -17; -19] [-7; 17; -19] 
-18: [-7; 16; -18] [6; 14; -18] 
-17: [11; 16; -17] [-8; -17; -19] [-5; 10; -17] [14; -15; -17] 
-16: [3; 14; -16] [-14; -16; 20] 
-15: [1; 8; -15] [7; 10; -15] [3; 4; -15] [8; -15; 19] [14; -15; -17] 
-14: [7; -14; 17] [-11; -14; 16] [2; -14; 18] [-4; 7; -14] [-14; -16; 20] 
-11: [2; 7; -11] [-11; -14; 16] [-1; -11; 17] [-5; -9; -11] [-11; 13; 14] 
-9: [-9; 10; 19] [8; -9; 11] [2; -9; 12] [-5; -9; -11] 
-8: [-8; -17; -19] [-3; 5; -8] [-8; 12; 16] [-8; 13; 20] [-5; -8; 14] 
-7: [-7; 16; -18] [3; -7; 8] [-3; 4; -7] [-7; 17; -19] [1; -7; 19] [-7; 10; 11] 
-6: [2; -6; 17] [-6; 11; 20] [-1; -3; -6] [-4; -5; -6] [-3; -6; 18] [-6; 10; 11] 
-5: [-5; 18; 19] [-5; 10; -17] [-5; 10; 17] [-4; -5; -6] [-5; -9; -11] [-5; -8; 14] 
-4: [-4; -5; -6] [-1; -4; 17] [-4; 7; -14] 
-3: [-3; 5; -8] [-1; -3; -6] [-3; 4; -7] [-3; 17; 18] [-3; -6; 18] 
-1: [-1; -11; 17] [-1; -3; -6] [-1; -4; 17] 
1: [1; 8; -15] [1; 7; 12] [1; -7; 19] 
2: [2; 12; 13] [2; 7; -11] [2; -6; 17] [2; -14; 18] [2; -9; 12] 
3: [3; 14; -16] [3; -7; 8] [3; 4; -15] [3; 6; 19] 
4: [3; 4; -15] [-3; 4; -7] 
5: [-3; 5; -8] [5; 17; 18] 
6: [3; 6; 19] [6; 14; -18] 
7: [2; 7; -11] [1; 7; 12] [7; -14; 17] [7; 10; -15] [-4; 7; -14] 
8: [1; 8; -15] [8; 10; 16] [8; -9; 11] [3; -7; 8] [8; -15; 19] [8; 13; 16] 
10: [-9; 10; 19] [8; 10; 16] [-5; 10; -17] [7; 10; -15] [-5; 10; 17] [-6; 10; 11] [-7; 10; 11] 
11: [11; 16; -17] [-6; 11; 20] [8; -9; 11] [-6; 10; 11] [-7; 10; 11] 
12: [2; 12; 13] [1; 7; 12] [2; -9; 12] [-8; 12; 16] 
13: [2; 12; 13] [8; 13; 16] [-8; 13; 20] [-11; 13; 14] 
14: [3; 14; -16] [14; -15; -17] [-5; -8; 14] [6; 14; -18] [-11; 13; 14] 
16: [11; 16; -17] [8; 10; 16] [-11; -14; 16] [-7; 16; -18] [-8; 12; 16] [8; 13; 16] 
17: [7; -14; 17] [2; -6; 17] [-1; -11; 17] [-5; 10; 17] [-3; 17; 18] [5; 17; 18] [-7; 17; -19] [-1; -4; 17] 
18: [-5; 18; 19] [2; -14; 18] [-3; 17; 18] [5; 17; 18] [-3; -6; 18] 
19: [-9; 10; 19] [-5; 18; 19] [8; -15; 19] [1; -7; 19] [3; 6; 19] 
20: [-6; 11; 20] [-8; 13; 20] [-14; -16; 20] 

Flush: [-2; -12; 15; 9; -13; -10][-3][18; -1; 12][17][10]
Restore: [-2; -12; 15; 9; -13; -10][-3][18; -1; 12][17][10]
Assignment: -1 0 -3 0 0 0 0 0 9 -10 0 -12 -13 0 15 0 0 18 0 0 

Assignment: -1 0 -3 0 0 0 0 0 9 -10 0 0 -13 0 15 0 0 18 0 0 

Assignment: -1 0 -3 0 0 0 0 0 9 -10 0 0 -13 0 0 0 0 18 0 0 

Assignment: -1 0 -3 0 0 0 0 0 0 -10 0 0 -13 0 0 0 0 18 0 0 

Assignment: -1 0 -3 0 0 0 0 0 0 -10 0 0 0 0 0 0 0 18 0 0 

Assignment: -1 0 -3 0 0 0 0 0 0 0 0 0 0 0 0 0 0 18 0 0 

s UNSATISFIABLE
c Result found within 0.016001 seconds.
